{
 "metadata": {
  "name": "",
  "signature": "sha256:1b5b7c557861f3a662dcda50199b10768a0e4f819435325a29e580218dbfc36d"
 },
 "nbformat": 3,
 "nbformat_minor": 0,
 "worksheets": [
  {
   "cells": [
    {
     "cell_type": "code",
     "collapsed": false,
     "input": [
      "import numpy as np\n",
      "import sklearn as skl\n",
      "import scipy.linalg as lin\n",
      "% run ../utils/stats\n",
      "from __future__ import print_function\n",
      "import matplotlib.pylab as plt"
     ],
     "language": "python",
     "metadata": {},
     "outputs": [],
     "prompt_number": 1,
     "trusted": true
    },
    {
     "cell_type": "heading",
     "level": 2,
     "metadata": {},
     "source": [
      "The problem\n"
     ]
    },
    {
     "cell_type": "heading",
     "level": 3,
     "metadata": {},
     "source": []
    },
    {
     "cell_type": "code",
     "collapsed": false,
     "input": [
      "# construct data with a certain covariance matrix\n",
      "\n",
      "def cov2corr(C):\n",
      "    \"\"\"\n",
      "    no check that it is symetric positive\n",
      "    \"\"\"\n",
      "    C = np.asarray(C)\n",
      "    D = 1./np.sqrt(np.diag(C))\n",
      "    C = C*D[np.newaxis]\n",
      "    C = (C.T*D[np.newaxis])\n",
      "    return C \n",
      "\n",
      "\n",
      "def frob_norm(C, scaling=True):\n",
      "    \"\"\"\n",
      "    \"\"\"\n",
      "    return (C**2).sum()/np.min(np.asarray(C.shape))\n",
      "\n",
      "def Cex_vs_Cth(N,T,compare='max'):\n",
      "    \"\"\"\n",
      "    \"\"\"\n",
      "    x = np.random.normal(0,1,size=(N,T))\n",
      "    A = np.random.normal(0,1,size=(N,N))\n",
      "    y = A.dot(x)\n",
      "    Cexp = np.cov(y)\n",
      "    Ctheo = A.dot(A.T)\n",
      "    # np.max(np.abs(Cexp-Ctheo)))\n",
      "    if compare=='max':\n",
      "        return(np.max(np.abs(cov2corr(Cexp)-cov2corr(Ctheo))))\n",
      "\n",
      "# check \n",
      "C = [[1.0, 1.0,  8.1],\n",
      "     [1.0, 16.0, 18.0],\n",
      "     [8.1, 18.0, 81.0]];\n",
      "\n",
      "np.set_printoptions(precision=3)\n",
      "print(cov2corr(C))\n"
     ],
     "language": "python",
     "metadata": {},
     "outputs": [
      {
       "output_type": "stream",
       "stream": "stdout",
       "text": [
        "[[ 1.    0.25  0.9 ]\n",
        " [ 0.25  1.    0.5 ]\n",
        " [ 0.9   0.5   1.  ]]\n"
       ]
      }
     ],
     "prompt_number": 2,
     "trusted": true
    },
    {
     "cell_type": "heading",
     "level": 2,
     "metadata": {},
     "source": [
      "Two cases: we can estimate a non degenerate covariance - or we cannot"
     ]
    },
    {
     "cell_type": "code",
     "collapsed": false,
     "input": [
      "N = 10\n",
      "T = 8\n",
      "x = np.random.normal(0,1,size=(N,T))\n",
      "A = np.random.normal(0,1,size=(N,N))\n",
      "y = A.dot(x)\n",
      "Cexp = np.cov(y)\n",
      "print(\"np.linalg.matrix_rank(Cexp) {}\".format(np.linalg.matrix_rank(Cexp)))\n",
      "Ctheo = A.dot(A.T)\n",
      "print(np.max(np.abs(Cexp-Ctheo)))\n",
      "print(np.max(np.abs(cov2corr(Cexp)-cov2corr(Ctheo))))\n",
      "\n"
     ],
     "language": "python",
     "metadata": {},
     "outputs": [
      {
       "output_type": "stream",
       "stream": "stdout",
       "text": [
        "np.linalg.matrix_rank(Cexp) 7\n",
        "7.04147958745\n",
        "0.718398982604\n"
       ]
      }
     ],
     "prompt_number": 3,
     "trusted": true
    },
    {
     "cell_type": "code",
     "collapsed": false,
     "input": [],
     "language": "python",
     "metadata": {},
     "outputs": [],
     "prompt_number": 3,
     "trusted": true
    },
    {
     "cell_type": "code",
     "collapsed": false,
     "input": [
      "N = 20\n",
      "T = np.arange(10,500,10)\n",
      "Rep = 10\n",
      "res = [ np.mean(np.asarray([Cex_vs_Cth(N,t) for i in range(Rep)])) \n",
      "                                                   for t in T]\n",
      "line = plt.plot(res)"
     ],
     "language": "python",
     "metadata": {},
     "outputs": [
      {
       "metadata": {},
       "output_type": "display_data",
       "png": "iVBORw0KGgoAAAANSUhEUgAAAXUAAAD9CAYAAABDaefJAAAABHNCSVQICAgIfAhkiAAAAAlwSFlz\nAAALEgAACxIB0t1+/AAAIABJREFUeJzt3XtclGXeP/DPAOOZPIs6MzYq4zAoAsYhs2w8BXZATUts\n18rQh9q1cnfbn9ru84SvZ1el3KfcaHt4mVZaAVuamAUm6TybYowmHjk4KOgwKYqm4iGB4f79ce0k\nIQ4HZ5jT5/163S+5mWvu+8v1qu9c872v+7plkiSBiIi8g5+rAyAiIsdhUici8iJM6kREXoRJnYjI\nizCpExF5ESZ1IiIv0mJSz83NjQ8JCSnRaDSm1NTUxU1f//HHH3vPmDHj8/Dw8IOxsbEFR48eHemc\nUImIqCV2k7rVavVfuHBhWm5ubnxRUVFoRkbGnOLiYl3jNsuXL391zJgx+w8ePBi+fv36p19++eXV\nzg2ZiIhux25SNxqNMcHBwWVqtbpCLpfXJSYmZmZnZ09r3Ka4uFg3YcKEnQCg1WpLKyoq1OfOnevv\nzKCJiKh5dpO6xWJRqFQqs21fqVRWWiwWReM24eHhBzdt2vQ4ID4ETp48eXdlZaXSOeESEZE9AfZe\nlMlkLa4hsGTJkpUvv/zy6sjIyMKwsLDDkZGRhf7+/tb2HIuIiG4lSZKstW3tjtQVCoXFbDarbPtm\ns1mlVCorG7cJDAysWbdu3XOFhYWR69evf/rcuXP9hw0bduI2gXGTJLz22msuj8FdNvYF+4J9YX9r\nK7tJPSoqap/JZNJUVFSoa2trO2VlZc1OSEjY0rjNpUuXetbW1nYCgDVr1ix48MEH/69Hjx5X2hwJ\nERHdMbvll4CAgPq0tLSFcXFx26xWq39SUtJanU5XnJ6engwAycnJ6UVFRaHPPvvsBzKZTBo1atSR\ntWvXJnVM6ERE1JSsPcP7dp1IJpM66lzuzmAwQK/XuzoMt8C+uIl9cRP74iaZTAapDTV1JnUiIjfW\n1qTOZQKIiLwIkzoRkRdhUici8iJM6kREXoRJnYjIizCpExF5ESZ1IiIvwqRORORFmNSJiLwIkzoR\nkRdhUici8iJM6kREXoRJnYjIizCpExF5ESZ1IiIvwqRORORFmNSJiLxIhyb1Gzc68mxERL6nxaSe\nm5sbHxISUqLRaEypqamLm75eXV3dLz4+PjciIuLAqFGjjnzwwQfP3u5YZ87cYbRERGSX3WeUWq1W\nf61WW5qXlzdZoVBYoqOj92ZkZMzR6XTFtjYpKSkpN27c6LxixYql1dXV/bRabWlVVVVQQEBA/S9O\nJJNJ+fkSxo514l9DRORlHPqMUqPRGBMcHFymVqsr5HJ5XWJiYmZ2dva0xm0GDRp0+vLly3cBwOXL\nl+/q27fv+aYJ3eb06daGRURE7RFg70WLxaJQqVRm275SqawsKCiIbdxmwYIFayZOnLhj8ODBP9TU\n1AT+85//fPJ2x3vvvRQcOiR+1uv10Ov1dxQ8EZG3MRgMMBgM7X6/3aQuk8luX5v5t+XLl78aERFx\nwGAw6I8fPz58ypQp2w8ePBgeGBhY07RtREQKUlLaHSsRkddrOuBdtmxZm95vt/yiUCgsZrNZZds3\nm80qpVJZ2bhNfn7+fU888cSnADB8+PDjQ4cOLS8tLdU2dzyWX4iInMtuUo+KitpnMpk0FRUV6tra\n2k5ZWVmzExIStjRuExISUpKXlzcZAKqqqoJKS0u1w4YNO9Hc8X74wXGBExHRreyWXwICAurT0tIW\nxsXFbbNarf5JSUlrdTpdcXp6ejIAJCcnp7/66qvL582b9354ePjBhoYGv9dff/3/9enT50Jzx+NI\nnYjIuexOaXToiWQyqW9fCdXVHXI6IiKv4NApjY52+TLvKiUicqYOTepBQbyrlIjImTo0qQ8ezLo6\nEZEzdWhSHzSIM2CIiJyJI3UiIi/CkToRkRfp8JE6kzoRkfN0+Eid5RciIufhSJ2IyItwpE5E5EU6\ndJkAq1VCly7AlStAp04dcloiIo/m1ssE+PkBAwbwrlIiImfp0KQOsK5ORORMLknqrKsTETlHhyd1\n3oBEROQ8LL8QEXkRl4zUWX4hInIOjtSJiLwIR+pERF6kxaSem5sbHxISUqLRaEypqamLm76+atWq\nVyIjIwsjIyMLw8LCDgcEBNRfvHix1+2Ox5E6EZHz2L2j1Gq1+mu12tK8vLzJCoXCEh0dvTcjI2OO\nTqcrbq791q1bH33rrbcW5eXlTb7lRDKZJEkSGhrAu0qJiFrJoXeUGo3GmODg4DK1Wl0hl8vrEhMT\nM7Ozs6fdrv0nn3zy1Jw5czLsnpB3lRIROU2AvRctFotCpVKZbftKpbKyoKAgtrm2165d67Zt27a4\nf/zjH7+53fFSUlIAAJIEfPmlHi+8oG9X0ERE3spgMMBgMLT7/XaTukwma/VqX1988cVj999//65e\nvXpdvF0bW1IvLAQGDmztkYmIfIder4der/95f9myZW16v93yi0KhsJjNZpVt32w2q5RKZWVzbTMz\nMxNbKr3Y8GIpEZFz2E3qUVFR+0wmk6aiokJdW1vbKSsra3ZCQsKWpu0uXbrU81//+tf4adOmZbfm\npJzWSETkHHbLLwEBAfVpaWkL4+LitlmtVv+kpKS1Op2uOD09PRkAkpOT0wFg8+bN0+Pi4rZ17dr1\nemtOOngwkJ9/58ETEdEvdehDMmzn+vJLIC0NyMnpkFMTEXkst35Ihg1r6kREzuGSpM6aOhGRc7ik\n/GK1irtKr17lXaVERPZ4RPnF3x8ICgKqqlxxdiIi7+WSpA7wCUhERM7gsqTOi6VERI7n0pE6L5YS\nETkWR+pERF6EI3UiIi/CkToRkRfhSJ2IyItwpE5E5EVcckcpIO4q7dpV3FUql3dICEREHscj7igF\nxF2l/fvzWaVERI7ksqQOsARDRORoLk3qvFhKRORYHKkTEXkRjtSJiLwIR+pERF6kxaSem5sbHxIS\nUqLRaEypqamLm2tjMBj0kZGRhaNGjTqi1+sNrT05R+pERI5ld5661Wr112q1pXl5eZMVCoUlOjp6\nb0ZGxhydTldsa3Px4sVe48aN271t27Y4pVJZWV1d3a9fv37Vt5yoyTx1ANi/H3juOeDAAUf+SURE\n3sOh89SNRmNMcHBwmVqtrpDL5XWJiYmZ2dnZ0xq3+eSTT56aOXPmRqVSWQkAzSX02+FInYjIsQLs\nvWixWBQqlcps21cqlZUFBQWxjduYTCZNXV2dfMKECTtramoCX3755dVz587d0NzxUlJSfv5Zr9fj\ngQf0uHABqKvjXaVERABgMBhgMBja/X67SV0mk7W4hkBdXZ18//79Y7755ptJ165d6zZ27Ng99957\n73cajcbUtG3jpG4zYIAYrQ8Z0pawiYi8k16vh16v/3l/2bJlbXq/3aSuUCgsZrNZZds3m80qW5nF\nRqVSmfv161fdtWvX6127dr0+fvz4fx08eDC8uaTenNGjgb17mdSJiBzBbk09Kipqn8lk0lRUVKhr\na2s7ZWVlzU5ISNjSuM20adOyd+3adb/VavW/du1at4KCgtjQ0NCi1gYwcSKwc2d7wyciosbsjtQD\nAgLq09LSFsbFxW2zWq3+SUlJa3U6XXF6enoyACQnJ6eHhISUxMfH544ePfqQn59fw4IFC9a0JalP\nmAA8/fSd/hlERAS4cOldG6sV6NcPKC4GBg7skFCIiDyGxyy9a+PvD4wfzxIMEZEjuDypA6yrExE5\nilsk9QkTmNSJiBzBLZL6qFHAxYuA2dxyWyIiuj23SOp+foBez9E6EdGdcoukDoi6+o4dro6CiMiz\nuU1St9XVO2iGJRGRV3KbpK7VioW9TpxwdSRERJ7LbZK6TMZZMEREd8ptkjrA+epERHfK5csENHbi\nBDBunHhuqazVN8USEXkvj1smoLGhQ4HOnYHSUldHQkTkmdwqqdvq6pzaSETUPm6V1AHW1YmI7oRb\n1dQBoLISiIgAzp4Vd5oSEfkyj66pA4BSCfTpAxw54upIiIg8j9sldYB1dSKi9nLLpM66OhFR+7hd\nTR0AqqqAkBCgulo8GYmIyFc5vKaem5sbHxISUqLRaEypqamLm75uMBj0PXv2vBQZGVkYGRlZ+Je/\n/OXPbQ26qaAgQKEACgvv9EhERL4lwN6LVqvVf+HChWl5eXmTFQqFJTo6em9CQsIWnU5X3Ljdgw8+\n+H9btmxJcGRgtnVgoqIceVQiIu9md6RuNBpjgoODy9RqdYVcLq9LTEzMzM7Onta0XVu+GrQWL5YS\nEbWd3ZG6xWJRqFSqnx8yp1QqKwsKCmIbt5HJZFJ+fv594eHhBxUKhWXVqlWvhIaGFjV3vJSUlJ9/\n1uv10Ov1tz33xInAvHniMXe9erXujyEi8nQGgwEGg6Hd77eb1GUyWYtXNseMGbPfbDarunXrdi0n\nJ2fq9OnTNx87dmxEc20bJ/WW9OoFTJoEbNwIJCW1+m1ERB6t6YB32bJlbXq/3fKLQqGwmM1mlW3f\nbDarlEplZeM2gYGBNd26dbsGAFOnTs2pq6uTX7hwoU+boriNX/8a+PhjRxyJiMg32E3qUVFR+0wm\nk6aiokJdW1vbKSsra3ZCQsKWxm2qqqqCbDV1o9EYI0mSrE+fPhccEdzDDwMHDoilA4iIqGV2yy8B\nAQH1aWlpC+Pi4rZZrVb/pKSktTqdrjg9PT0ZAJKTk9M/++yzWe++++4LAQEB9d26dbuWmZmZ6Kjg\nunQBHn8cyMgA/vhHRx2ViMh7ueXNR40ZDMCiRWLETkTkazx+Qa+mxo8Hzp/nAl9ERK3h9kndzw94\n6ileMCUiag23L78AwKFDwKOPAhUVXGOdiHyL15VfAGD0aKBnT2DXLldHQkTk3jwiqQOcs05E1Boe\nUX4BgFOngMhI4IcfgM6dHRgYEZEb88ryCwAMGQKMGgXk5Lg6EiIi9+UxSR1gCYaIqCUeU34BgB9/\nBNRqUYrp2dMxcRERuTOvLb8AQO/eYknejRtdHQkRkXvyqKQOiBLMRx+5OgoiIvfkUeUXAPjpJ2Dw\nYODwYfEcUyIib+bV5RdArNw4Ywawfr2rIyEicj8eN1IHxOJeEycCJSVAH4c8joOIyD21daTukUkd\nAF54AejUCVi92mGHJCJyOz6T1M+dA3Q6YPduQKt12GGJiNyK19fUbfr3BxYvBl55xdWREBG5D49N\n6gDw0ktAURGQl+fqSIiI3INHJ/XOnYE33gB+/3vAanV1NERErtdiUs/NzY0PCQkp0Wg0ptTU1MW3\na7d3797ogICA+k2bNj3u2BDtmzFDzIBZu7Yjz0pE5J7sXii1Wq3+Wq22NC8vb7JCobBER0fvzcjI\nmKPT6YqbtpsyZcr2bt26XZs3b977M2fOvOVGfkdfKG1s/37gkUeA0lLgrruccgoiIpdw6IVSo9EY\nExwcXKZWqyvkcnldYmJiZnZ29rSm7d5+++0XZ82a9Vn//v3PtSfoOzVmDBAfDyxf7oqzExG5jwB7\nL1osFoVKpTLb9pVKZWVBQUFs0zbZ2dnTduzYMXHv3r3RMpnstsPxlJSUn3/W6/XQ6/XtDrypv/5V\nPPYuORkYOtRhhyUi6lAGgwEGg6Hd77eb1O0laJtFixa9tXLlyiX/Lq/I7H1NaJzUHW3wYGDRIjHN\n8Z//dNppiIicqumAd9myZW16v92krlAoLGazWWXbN5vNKqVSWdm4zffff39PYmJiJgBUV1f3y8nJ\nmSqXy+sSEhK2tCkSB/jDH4CQEPF0pKlTO/rsRESuZ/dCaX19fYBWqy395ptvJg0ePPiHmJgYY3MX\nSm3mzZv3/mOPPfbF448/vumWEznxQmlj334LzJoFfPcdyzBE5PkceqE0ICCgPi0tbWFcXNy20NDQ\notmzZ2fpdLri9PT05PT09OQ7D9fxHngA+NOfxFTHa9dcHQ0RUcfy2LVf7JEk4Omnxb8bNgCyVn/G\nERG5F59Z+8UemQxITweOHgXeftvV0RARdRyvHKnblJcD994LfPopMH58h56aiMghOFJvZOhQ8YSk\nxETAYnF1NEREzufVSR0A4uKAF18EZs4EbtxwdTRERM7l1eUXG0kSSb1fP1Fr54VTIvIULL80QyYD\nPvxQzF1fscLV0RAROY/dO0q9SWAgsG0bMG6ceGrSggWujoiIyPF8JqkDwKBBwNdfi5kwffsCj3fo\nyu9ERM7nU0kdAIKDgS+/FBdQe/cGJkxwdURERI7jEzX1piIjxUqOs2eLB2wQEXkLn0zqAKDXi5kw\njzwCmEyujoaIyDF8rvzS2IwZwPnzwEMPAbt3izXZiYg8mU8ndQCYP18k9vHjRa1dq3V1RERE7efz\nSR0QT0vq318k9owMYOJEV0dERNQ+PltTb+q554CsLGDOHOC991wdDRFR+/jEMgFtceyYuHg6fTqw\nciXg7+/qiIjIl7V1mQAm9WacPy/WiunVC/j4Y6B7d1dHRES+imu/OEDfvuLO0969xePxMjLEs08r\nKoDaWldHR0R0exyp2yFJYi77zp2A2QxUVgJnzoikr1IBI0YAq1eLfSIiZ3D4SD03Nzc+JCSkRKPR\nmFJTUxc3fT07O3taeHj4wcjIyMJ77rnn+x07dnjN3BGZDHj+eXEBNT8fOHVKPMx6717g738XI/n4\neODyZVdHSkQk2B2pW61Wf61WW5qXlzdZoVBYoqOj92ZkZMzR6XTFtjZXr17t3r1796sAcPjw4bAZ\nM2Z8XlZWFnzLiTxwpN4SSQJ++1vg8GEgN5e1dyJyPIeO1I1GY0xwcHCZWq2ukMvldYmJiZnZ2dnT\nGrexJXQAuHLlSo9+/fpVtz1szySTAWlpwLBh4u5UPlmJiFzN7s1HFotFoVKpzLZ9pVJZWVBQENu0\n3ebNm6cvXbp0xenTpwd9/fXXD93ueCkpKT//rNfrodfr2xW0O/HzA9auFc9BnT1bPORaLnd1VETk\nqQwGAwwGQ7vfb7f8snHjxpm5ubnxa9asWQAAH3300a8LCgpi33777Reba//tt98+MH/+/PdKS0tv\nudneG8svjdXWirntvXuLh11zfjsROYJDyy8KhcJiNptVtn2z2axSKpWVt2v/wAMPfFtfXx9w/vx5\nn5sP0qkTsHEj8MMP4uKqF39+EZEbs5vUo6Ki9plMJk1FRYW6tra2U1ZW1uyEhIQtjdscP358uO1T\nZP/+/WMAoG/fvuedF7L76toV2LJFXDh9/nngp59cHRER+Rq7NfWAgID6tLS0hXFxcdusVqt/UlLS\nWp1OV5yenp4MAMnJyekbN26cuX79+qflcnldjx49rmRmZiZ2TOjuKTBQzISZPx+45x5gwwZgzBhX\nR0VEvoI3HzmJJIklBn7/e+Cll4AlS4AArolJRG3EtV/cjNksVoCsqREXUEeMcHVERORJuPaLm1Gp\ngG3bgF//GrjvPuCdd4CGBldHRUTeiiP1DlRaCsydK0brH3zAcgwRtYzlFzd3/bq4+/Suu0TNnTcq\nEZE9LL+4ua5dgc2bRXJ/4gkuLUBEjsWk7gJduogblfz9xaj9+nX77WtrgbNnOyY2IvJsTOou0qkT\nkJkJ9OwJJCSIJX2bOnECWLoUGDIE0GjEBVciInuY1F1ILgc++ggYPBiYOlVMe6yrAzZtAuLigNhY\nUZ4xGICvvhIXWbdudXXUROTOeKHUDTQ0AMnJwHffieejDh8u9mfNEqUaG6MReOwx4B//EM9QJSLv\nx9kvHqqhQTwLNSICGDny9u0KC8Wo/s03gTlzOi4+InINJnUfcOQI8NBDwPLlwLPPujoaInKmtiZ1\n3v7igUaNAnbsAKZMETNj/uM/XB0REbkLjtQ92PHjwKRJgFYL9Ogh6u9dugCdO9/8t7ZWzKyxbVev\nin87dwZ+9SvgySd/WbcnIvfC8ouPOXtWXEC9cUOs327bbPudOwPdut26XbgAvPcesG8f8Mwz4sKs\nRuPqv4aImmJSpzY5fhxITxdr0UREAC+8IGbYcF0aIvfApE7t8tNPwGefiemSFy+KUfx997k6KiJi\nUqc7Ikkiub/0klibZvlyUa8nItfggl50R2QykcyPHAEuXxYzbbg8AZHnaFVSz83NjQ8JCSnRaDSm\n1NTUxU1f//jjj38VHh5+cPTo0YfGjRu3+9ChQ6MdHyp1pL59RZ09PV1cRH3mGXG3qyOdO8dVKokc\nTpIku1t9fb3/8OHDy8rLy9W1tbXy8PDwA0VFRbrGbfLz88devHixpyRJyMnJiY+Njf2u6XHEqcgT\n1dRI0ksvSdLAgZL05puSdOnSnR/z668lqXdvSXrsMUmqr7/z4xF5q3/nzhZztW1rcaRuNBpjgoOD\ny9RqdYVcLq9LTEzMzM7Onta4zdixY/f07NnzEgDExsYWVFZWKp3yCUQu0aMHsHo18MUXYn0atVrU\n3E2mth9LkoBVq4CnnwayskSJZ8kSh4dM5LNaTOoWi0WhUqnMtn2lUllpsVgUt2u/du3apIcffvgr\nRwVI7iMqSiwXfOiQSPT33Qc8+iiQlyeSdUuuXRPPav3kE6CgQNwRu3GjeGjI2rXOj5/IF7Q4G1km\nk7V6ysrOnTsnrFu37rndu3ePa+71lJSUn3/W6/XQ6/WtPTS5EaVSzIr585/FI/kWLQKsVrFy5COP\nADEx4gEgjZ08KR4IotMBu3aJG6AAUbvfuhUYP16sTsn/JMjXGQwGGAyG9h+gpfrMnj177o2Li8u1\n7S9fvnzpypUrFzdtd/DgwdHDhw8vM5lMwc0dB6ype62GBknavVuSliyRpFGjJKl/f0l6+mlJysqS\npIsXJWnnTlGPX7VKtG3O9u2SNGCAJB071qGhE7k9tLGm3mKDurq6gGHDhh0vLy9X37hxo1NzF0pP\nnjw5ZPjw4WV79uy597YnYlL3GRUVkvTOO5I0daokBQaKJL9tW8vve/ddSRoxQpIuXHB+jESeoq1J\nvVU3H+Xk5ExdtGjRW1ar1T8pKWnt0qVLV6SnpycDQHJycvr8+fPf+/zzz2cMGTLkFADI5fI6o9EY\n0/gYvPnIN129KhYV6927de0XLRJz5HNyxJOhbBoagPJy4PBhoLoaCAkR68639rhEnop3lJJHs1rF\nM1v79QPuuUck8cOHgaNHRQIPCxOvlZQARUXAXXeJG6RGjhSbRiNq/gqFWMzsThw4II6h0znmbyNq\nDyZ18niXLwO/+Q0QGCiSeFiYSNxNR+UNDcCpUyLhHzki/j1xAjCbgdOnRXulElCpxMO7p04VM25a\nWqxs1y7gr38Vs3xqa4G//51PmSLXYVInghjxnz0rEnxlJVBWBnz+uUj6Tz4JPPUUcO+9YlkEQEzJ\n3L5dJHOzWcydf+YZoLQUmDZNtP/v/wb8uLAGdTAmdSI7jh8X8+Q//hioqxPJWqcD3noLuHIFePVV\nIDHxl6P5c+fEdM0+fYANG8Q3CKKOwqRO1AqSJB7i/fHHomb//PPA9Om3H4nX1gK//a24o3bLFmDo\n0I6Nl3wXkzqRk0gSkJYmbrzKzAQefFD8vqFB3C175YqY7SOXixp+R8Uka/X/7uSJmNSJnCwvT5Rt\nAJHEr18HunYVSyd07w5cugQ89xzwl7/c+Qyc5ly6BGRkiAeZHDsmnlT1xBNAfDyfN+uNuJ46kZNN\nniwuvB4+DFRVAfX1IrlXVYkLsSUlYrGz2FgxI8cRJEnMynn2WeDuu4FvvhEXdUtKgHHjxIJrAweK\nD5vPPxcfNOSbOFIncgJJAtatE7No/vM/gYUL2zdzpqYGWLNGbJIEzJ8vVrgcMODWtlVVwKZNwKef\nAvv3iymcs2aJEXz37nf+N5FrsPxC5EbKysTKlL16Ae+/Dwwa1Lr3XbkCvPMO8D//IxY5e/FFMSJv\nbf387Fmx+uVnn91cEXPmTLGqJmfveBYmdSI3U1cnSiX/+7/An/4EPPCAuJmquZugrl4VD/9etUok\n8//6L3Gn7J04fx7IzhYJftcucYF31ChRxhky5Oa/jZN9XZ1YjuHsWTGl8+xZ8e1g/HigUyf755Mk\nYO9eYP16ID9flKueeEIs3cyLum3HpE7kpr77Dnj3XZHwTp0CIiLEMsUxMUBkpFiC+I03RNJ/7TWR\neB3t4kXxzFmTScRw8qTYTp0SF1n79hUfAjU14ucBA4D+/cV28iRQXAxMmiRG/A8/DAQF3Tz2qVPA\nRx+JZG61ijLR+PHipq5PPxWPLpw1SyT4mJhfJnhJAi5cAM6cEWWkPn3EUsz8VsGkTuQRLl0Cvv8e\nMBrFtm8fEB0tkvloFzzhV5LEyPzCBbG2Tu/ezV8DOHdOLLa2datI1hqNSPIFBWJZhSefFMk8NvbW\npH3kiEjun34qvpGEhYkEfuaM+CbQo4e42DtggIjj+HGR1DUaIDhYbFotMGGC+MBxpspKwGK59cPH\nFZjUiahD1NWJcs4334hvGo8+2vopnLZ1egYOvJnIm75XkoAffhDXJcrKxLeLI0eAb78FQkPFN4WH\nHxbnbu4DqKZGvKesTHwL0WqBYcN+ufpn479lzx7gq6/Eh1Zlpfh2YrUCSUli1tHAgW3uop81NIgP\nzeYucLeESZ2IvNqNGyKx5+SIJPzjj2KGj1YrRvcmk5i/f/nyzRH+9etiHR+LRVxDGDFCtFcoRDLf\nvl2Ue6ZOFR8UMTHig8JoFDOPNm4U1zgWLADi4m59spdNba34ECku/uVWWiq+ge3Z0/a/l0mdiHxK\neblI8OXlIoFrNCJpDx586wj+xg2R+EtLReI/dUqUveLj7Y/Ea2rEXcRr1ogVQEePFr9rutXWiiUk\ndDrxbUKnE1tIiFgmuj2Y1ImInOjQIXHRODDw1q17d8fX4JnUiYi8CJcJICLyYUzqRERepFVJPTc3\nNz4kJKREo9GYUlNTFzd9vaSkJGTs2LF7unTp8tPf/va3Pzg+TO9iMBhcHYLbYF/cxL64iX3Rfi0m\ndavV6r9w4cK03Nzc+KKiotCMjIw5xcXFv3gUb9++fc+//fbbL77yyiurnBeq9+B/sDexL25iX9zE\nvmi/FpO60WiMCQ4OLlOr1RVyubwuMTExMzs7e1rjNv379z8XFRW1Ty6X1zkvVCIiakmLSd1isShU\nKpXZtq+WuzYiAAAE+UlEQVRUKistFovCuWEREVF7NLNO3C/JZDKHzUOUuXoRBTeybNkyV4fgNtgX\nN7EvbmJftE+LSV2hUFjMZrPKtm82m1VKpbKyrSdqyzxLIiJqnxbLL1FRUftMJpOmoqJCXVtb2ykr\nK2t2QkLClubaMnETEblWq+4ozcnJmbpo0aK3rFarf1JS0tqlS5euSE9PTwaA5OTk9DNnzgyMjo7e\ne/ny5bv8/PwaAgMDa4qKikJ79Ohxxel/ARER3SRJklO3nJyceK1WWxIcHGxauXLlYmefz522efPm\nrRswYEDVqFGjDtt+d/78+T6TJ0/ertFojk2ZMuXrH3/8sZer4+yI7dSpUyq9Xr8zNDT06MiRI4+s\nXr36JV/tj+vXr3eJiYkpCA8PP6DT6YqWLFmywlf7wrbV19f7R0REFD766KNf+HJf3H333RVhYWGH\nIiIiCqOjo43t6Qun3lHamjnu3mzevHnv5+bmxjf+3cqVK5dMmTJl+7Fjx0ZMmjTpm5UrVy5xVXwd\nSS6X17355pu/O3r06Mjvvvvu3nfeeee3xcXFOl/sjy5duvy0c+fOCQcOHIg4dOjQ6J07d07YtWvX\n/b7YFzarV69+OTQ0tMg2McNX+0Imk0kGg0FfWFgYaTQaY4B29IUzP3Xy8/PHxsXF5dr2V6xYsWTF\nihVLXP1p2JFbeXm5uvFIXavVlpw5cyZIkiScPn16oFarLXF1jK7Ypk2btnn79u2Tfb0/rl692i0q\nKmrvkSNHRvpqX5jNZuWkSZPyduzYMcE2UvfVvlCr1eXV1dV9G/+urX3h1JE657jfqqqqKigoKKgK\nAIKCgqqqqqqCWnqPt6moqFAXFhZGxsbGFvhqfzQ0NPhFREQcCAoKqpowYcLOkSNHHvXVvvjd7373\n5htvvPFHPz+/BtvvfLUvZDKZNHny5LyoqKh9a9asWQC0vS9anNJ4pwE68/ieTiaTSb7WR1euXOkx\nc+bMjatXr345MDCwpvFrvtQffn5+DQcOHIi4dOlSz7i4uG07d+6c0Ph1X+mLrVu3PjpgwICzkZGR\nhQaDQd9cG1/pCwDYvXv3uEGDBp0+d+5c/ylTpmwPCQkpafx6a/rCqSN1R81x9yZBQUFVZ86cGQgA\np0+fHjRgwICzro6po9TV1clnzpy5ce7cuRumT5++GfDt/gCAnj17XnrkkUe+/P777+/xxb7Iz8+/\nb8uWLQlDhw4tnzNnTsaOHTsmzp07d4Mv9gUADBo06DQgll6ZMWPG50ajMaatfeHUpN6WOe6+IiEh\nYcuHH374DAB8+OGHz9iSm7eTJEmWlJS0NjQ0tGjRokVv2X7vi/1RXV3d7+LFi70A4Pr16123b98+\nJTIystAX+2L58uWvms1mVXl5+dDMzMzEiRMn7tiwYcNcX+yLa9eudaupqQkEgKtXr3b/+uuvHwoL\nCzvc5r5wduH/q6++mjpixIjS4cOHly1fvnypqy9EdOSWmJiYMWjQoB/kcnmtUqk0r1u3bt758+f7\nTJo0Kc/Xpmp9++2398tksobw8PADERERhREREYU5OTnxvtgfhw4dCouMjNwfHh5+ICws7NDrr7/+\nR0kSU9d8rS8abwaD4cHHHntsi6/2xYkTJ4aGh4cfCA8PPzBy5MgjtnzZ1r7osMfZERGR8/HJR0RE\nXoRJnYjIizCpExF5ESZ1IiIvwqRORORFmNSJiLzI/wdpV+/VIqB8LwAAAABJRU5ErkJggg==\n",
       "text": [
        "<matplotlib.figure.Figure at 0x4ff4d10>"
       ]
      }
     ],
     "prompt_number": 23,
     "trusted": true
    },
    {
     "cell_type": "code",
     "collapsed": false,
     "input": [],
     "language": "python",
     "metadata": {},
     "outputs": [],
     "prompt_number": 4,
     "trusted": true
    },
    {
     "cell_type": "heading",
     "level": 2,
     "metadata": {},
     "source": [
      "An (explicit) graphical model example"
     ]
    },
    {
     "cell_type": "code",
     "collapsed": false,
     "input": [
      "# let's make a small number of nodes gaussians, depending on each others\n",
      "N = 7\n",
      "A = np.zeros((N,N))\n",
      "A[0,:] = [1., .8, .3, 0, 0 ,0, 0] \n",
      "A[1,:] = [0, 1., .75, -.3, 0, 0 ,0] \n",
      "A[2,:] = [0, 0., 1., -.3, .4, 0 ,0] \n",
      "A[3,:] = [0, 0, 0, 2, .6, .4, 0] \n",
      "A[4,:] = [0, 0, 0, 0, 1.5, -.2, 0] \n",
      "A[5,:] = [0, 0, 0, 0, .2, 1.2, -.2] \n",
      "A[6,:] = [0, 0, 0, 0, 0, .2, .5] "
     ],
     "language": "python",
     "metadata": {},
     "outputs": [],
     "prompt_number": 5,
     "trusted": true
    },
    {
     "cell_type": "code",
     "collapsed": false,
     "input": [
      "T = 15\n",
      "N = A.shape[0]\n",
      "x = np.random.normal(0,1,size=(N,T))\n",
      "y = A.dot(x)\n",
      "print(y.shape)\n",
      "np.set_printoptions(precision=2)\n",
      "\n",
      "print(\"theoretical corr:\\n\",cov2corr((A.dot(A.T))))\n",
      "print(\"experimental corr:\\n\",np.corrcoef(y),\"\\n\")\n",
      "print(\"theoretical cov:\\n\",((A.dot(A.T))))\n",
      "print(\"experimental cov:\\n\",np.cov(y))\n"
     ],
     "language": "python",
     "metadata": {},
     "outputs": [
      {
       "output_type": "stream",
       "stream": "stdout",
       "text": [
        "(7, 15)\n",
        "theoretical corr:\n",
        " [[ 1.    0.61  0.2   0.    0.    0.    0.  ]\n",
        " [ 0.61  1.    0.58 -0.22  0.    0.    0.  ]\n",
        " [ 0.2   0.58  1.   -0.15  0.35  0.06  0.  ]\n",
        " [ 0.   -0.22 -0.15  1.    0.25  0.23  0.07]\n",
        " [ 0.    0.    0.35  0.25  1.    0.03 -0.05]\n",
        " [ 0.    0.    0.06  0.23  0.03  1.    0.21]\n",
        " [ 0.    0.    0.    0.07 -0.05  0.21  1.  ]]\n",
        "experimental corr:\n",
        " [[  1.00e+00   8.28e-01   3.51e-01   2.67e-01   2.70e-01  -2.74e-01\n",
        "   -3.37e-01]\n",
        " [  8.28e-01   1.00e+00   5.02e-01   2.11e-01   3.52e-01  -5.46e-03\n",
        "   -1.06e-01]\n",
        " [  3.51e-01   5.02e-01   1.00e+00   8.95e-04   3.82e-01   1.09e-01\n",
        "    2.66e-01]\n",
        " [  2.67e-01   2.11e-01   8.95e-04   1.00e+00   4.65e-01   2.93e-01\n",
        "    2.45e-01]\n",
        " [  2.70e-01   3.52e-01   3.82e-01   4.65e-01   1.00e+00   2.36e-01\n",
        "    2.54e-01]\n",
        " [ -2.74e-01  -5.46e-03   1.09e-01   2.93e-01   2.36e-01   1.00e+00\n",
        "    5.16e-01]\n",
        " [ -3.37e-01  -1.06e-01   2.66e-01   2.45e-01   2.54e-01   5.16e-01\n",
        "    1.00e+00]] \n",
        "\n",
        "theoretical cov:\n",
        " [[ 1.73  1.02  0.3   0.    0.    0.    0.  ]\n",
        " [ 1.02  1.65  0.84 -0.6   0.    0.    0.  ]\n",
        " [ 0.3   0.84  1.25 -0.36  0.6   0.08  0.  ]\n",
        " [ 0.   -0.6  -0.36  4.52  0.82  0.6   0.08]\n",
        " [ 0.    0.    0.6   0.82  2.29  0.06 -0.04]\n",
        " [ 0.    0.    0.08  0.6   0.06  1.52  0.14]\n",
        " [ 0.    0.    0.    0.08 -0.04  0.14  0.29]]\n",
        "experimental cov:\n",
        " [[  1.39e+00   1.09e+00   5.05e-01   5.05e-01   4.87e-01  -3.42e-01\n",
        "   -1.82e-01]\n",
        " [  1.09e+00   1.25e+00   6.83e-01   3.78e-01   6.03e-01  -6.46e-03\n",
        "   -5.41e-02]\n",
        " [  5.05e-01   6.83e-01   1.49e+00   1.75e-03   7.12e-01   1.40e-01\n",
        "    1.49e-01]\n",
        " [  5.05e-01   3.78e-01   1.75e-03   2.57e+00   1.14e+00   4.98e-01\n",
        "    1.80e-01]\n",
        " [  4.87e-01   6.03e-01   7.12e-01   1.14e+00   2.34e+00   3.83e-01\n",
        "    1.78e-01]\n",
        " [ -3.42e-01  -6.46e-03   1.40e-01   4.98e-01   3.83e-01   1.12e+00\n",
        "    2.50e-01]\n",
        " [ -1.82e-01  -5.41e-02   1.49e-01   1.80e-01   1.78e-01   2.50e-01\n",
        "    2.10e-01]]\n"
       ]
      }
     ],
     "prompt_number": 6,
     "trusted": true
    },
    {
     "cell_type": "markdown",
     "metadata": {},
     "source": [
      "Conclusion: estimation can be real bad with a small number of points.\n",
      "See how bad it gets if you have less data than regions"
     ]
    },
    {
     "cell_type": "heading",
     "level": 3,
     "metadata": {},
     "source": [
      "Graph Lasso Estimation"
     ]
    },
    {
     "cell_type": "code",
     "collapsed": false,
     "input": [
      "from sklearn.covariance import GraphLassoCV, GraphLasso, LedoitWolf"
     ],
     "language": "python",
     "metadata": {},
     "outputs": [],
     "prompt_number": 7,
     "trusted": true
    },
    {
     "cell_type": "markdown",
     "metadata": {},
     "source": [
      "####Scikit-learn : cite:\n",
      "\n",
      "Pedregosa, Fabian, Ga\u00ebl Varoquaux, Alexandre Gramfort, Vincent Michel, Bertrand Thirion, Olivier Grisel, Mathieu Blondel, Peter Prettenhofer, Ron Weiss, and Vincent Dubourg. \u201cScikit-Learn: Machine Learning in Python.\u201d The Journal of Machine Learning Research 12 (2011): 2825\u201330."
     ]
    },
    {
     "cell_type": "code",
     "collapsed": false,
     "input": [
      "GL = GraphLassoCV(alphas=10, mode='cd')\n",
      "GL.fit(y.T)"
     ],
     "language": "python",
     "metadata": {},
     "outputs": [
      {
       "metadata": {},
       "output_type": "pyout",
       "prompt_number": 8,
       "text": [
        "GraphLassoCV(alphas=10, assume_centered=False, cv=None, max_iter=100,\n",
        "       mode='cd', n_jobs=1, n_refinements=4, tol=0.0001, verbose=False)"
       ]
      }
     ],
     "prompt_number": 8,
     "trusted": true
    },
    {
     "cell_type": "code",
     "collapsed": false,
     "input": [
      "C_GL = GL.covariance_\n",
      "Prec_GL = GL.precision_"
     ],
     "language": "python",
     "metadata": {},
     "outputs": [],
     "prompt_number": 9,
     "trusted": true
    },
    {
     "cell_type": "heading",
     "level": 4,
     "metadata": {},
     "source": [
      "Compare correlations"
     ]
    },
    {
     "cell_type": "code",
     "collapsed": false,
     "input": [
      "np.set_printoptions(precision=3)\n",
      "Ctheo = A.dot(A.T)\n",
      "print(\"theoretical corr:\\n\",cov2corr(Ctheo))\n",
      "print(\"experimental corr:\\n\",np.corrcoef(y))\n",
      "print(\"GL corr:\\n\",cov2corr(C_GL))\n",
      "print(\" corr_theo - corr_exp : {:2.3f}\".format(frob_norm(cov2corr(Ctheo)-np.corrcoef(y))))\n",
      "print(\" corr_theo - corr_GL : {:2.3f}\".format(frob_norm(cov2corr(Ctheo)-cov2corr(C_GL))))\n"
     ],
     "language": "python",
     "metadata": {},
     "outputs": [
      {
       "output_type": "stream",
       "stream": "stdout",
       "text": [
        "theoretical corr:\n",
        " [[ 1.     0.606  0.204  0.     0.     0.     0.   ]\n",
        " [ 0.606  1.     0.584 -0.22   0.     0.     0.   ]\n",
        " [ 0.204  0.584  1.    -0.151  0.355  0.058  0.   ]\n",
        " [ 0.    -0.22  -0.151  1.     0.255  0.229  0.07 ]\n",
        " [ 0.     0.     0.355  0.255  1.     0.032 -0.049]\n",
        " [ 0.     0.     0.058  0.229  0.032  1.     0.211]\n",
        " [ 0.     0.     0.     0.07  -0.049  0.211  1.   ]]\n",
        "experimental corr:\n",
        " [[  1.000e+00   8.276e-01   3.514e-01   2.674e-01   2.700e-01  -2.743e-01\n",
        "   -3.370e-01]\n",
        " [  8.276e-01   1.000e+00   5.015e-01   2.110e-01   3.524e-01  -5.456e-03\n",
        "   -1.057e-01]\n",
        " [  3.514e-01   5.015e-01   1.000e+00   8.947e-04   3.815e-01   1.085e-01\n",
        "    2.663e-01]\n",
        " [  2.674e-01   2.110e-01   8.947e-04   1.000e+00   4.646e-01   2.935e-01\n",
        "    2.452e-01]\n",
        " [  2.700e-01   3.524e-01   3.815e-01   4.646e-01   1.000e+00   2.362e-01\n",
        "    2.538e-01]\n",
        " [ -2.743e-01  -5.456e-03   1.085e-01   2.935e-01   2.362e-01   1.000e+00\n",
        "    5.159e-01]\n",
        " [ -3.370e-01  -1.057e-01   2.663e-01   2.452e-01   2.538e-01   5.159e-01\n",
        "    1.000e+00]]\n",
        "GL corr:\n",
        " [[ 1.     0.551  0.131  0.075  0.088  0.006  0.   ]\n",
        " [ 0.551  1.     0.234  0.07   0.14   0.006  0.   ]\n",
        " [ 0.131  0.234  1.     0.064  0.186  0.005  0.   ]\n",
        " [ 0.075  0.07   0.064  1.     0.316  0.079  0.   ]\n",
        " [ 0.088  0.14   0.186  0.316  1.     0.025  0.   ]\n",
        " [ 0.006  0.006  0.005  0.079  0.025  1.     0.   ]\n",
        " [ 0.     0.     0.     0.     0.     0.     1.   ]]\n",
        " corr_theo - corr_exp : 0.324\n",
        " corr_theo - corr_GL : 0.115\n"
       ]
      }
     ],
     "prompt_number": 10,
     "trusted": true
    },
    {
     "cell_type": "heading",
     "level": 4,
     "metadata": {},
     "source": [
      "Compare Covariances"
     ]
    },
    {
     "cell_type": "code",
     "collapsed": false,
     "input": [
      "print(\"theoretical cov:\\n\",Ctheo)\n",
      "print(\"experimental cov:\\n\",np.cov(y))\n",
      "print(\"GL cov:\\n\",C_GL)\n",
      "print(\" Ctheo - Cexp : {:2.3f}\".format(frob_norm(Ctheo-np.cov(y))))\n",
      "print(\" Ctheo - C_GL : {:2.3f}\".format(frob_norm(Ctheo-C_GL)))"
     ],
     "language": "python",
     "metadata": {},
     "outputs": [
      {
       "output_type": "stream",
       "stream": "stdout",
       "text": [
        "theoretical cov:\n",
        " [[ 1.73   1.025  0.3    0.     0.     0.     0.   ]\n",
        " [ 1.025  1.653  0.84  -0.6    0.     0.     0.   ]\n",
        " [ 0.3    0.84   1.25  -0.36   0.6    0.08   0.   ]\n",
        " [ 0.    -0.6   -0.36   4.52   0.82   0.6    0.08 ]\n",
        " [ 0.     0.     0.6    0.82   2.29   0.06  -0.04 ]\n",
        " [ 0.     0.     0.08   0.6    0.06   1.52   0.14 ]\n",
        " [ 0.     0.     0.     0.08  -0.04   0.14   0.29 ]]\n",
        "experimental cov:\n",
        " [[  1.389e+00   1.091e+00   5.047e-01   5.052e-01   4.873e-01  -3.425e-01\n",
        "   -1.819e-01]\n",
        " [  1.091e+00   1.251e+00   6.835e-01   3.782e-01   6.034e-01  -6.463e-03\n",
        "   -5.413e-02]\n",
        " [  5.047e-01   6.835e-01   1.485e+00   1.748e-03   7.120e-01   1.401e-01\n",
        "    1.486e-01]\n",
        " [  5.052e-01   3.782e-01   1.748e-03   2.570e+00   1.141e+00   4.984e-01\n",
        "    1.800e-01]\n",
        " [  4.873e-01   6.034e-01   7.120e-01   1.141e+00   2.345e+00   3.831e-01\n",
        "    1.779e-01]\n",
        " [ -3.425e-01  -6.463e-03   1.401e-01   4.984e-01   3.831e-01   1.122e+00\n",
        "    2.502e-01]\n",
        " [ -1.819e-01  -5.413e-02   1.486e-01   1.800e-01   1.779e-01   2.502e-01\n",
        "    2.097e-01]]\n",
        "GL cov:\n",
        " [[ 1.296  0.678  0.176  0.132  0.149  0.007  0.   ]\n",
        " [ 0.678  1.167  0.298  0.117  0.223  0.006  0.   ]\n",
        " [ 0.176  0.298  1.386  0.117  0.325  0.006  0.   ]\n",
        " [ 0.132  0.117  0.117  2.398  0.725  0.125  0.   ]\n",
        " [ 0.149  0.223  0.325  0.725  2.189  0.038  0.   ]\n",
        " [ 0.007  0.006  0.006  0.125  0.038  1.047  0.   ]\n",
        " [ 0.     0.     0.     0.     0.     0.     0.196]]\n",
        " Ctheo - Cexp : 1.327\n",
        " Ctheo - C_GL : 1.199\n"
       ]
      }
     ],
     "prompt_number": 11,
     "trusted": true
    },
    {
     "cell_type": "heading",
     "level": 3,
     "metadata": {},
     "source": [
      "Ledoit-Wolf estimator"
     ]
    },
    {
     "cell_type": "markdown",
     "metadata": {},
     "source": [
      "(1 - shrinkage)*cov\n",
      "        + shrinkage*mu*np.identity(n_features)\n",
      "\n",
      "with \n",
      "\n",
      "* mu from \n",
      "     mu = trace(cov) / n_features\n",
      "* shrinkage from\n",
      "    \u201cA Well-Conditioned Estimator for Large-Dimensional Covariance Matrices\u201d, Ledoit and Wolf, Journal of Multivariate Analysis, Volume 88, Issue 2, February 2004, pages 365-411."
     ]
    },
    {
     "cell_type": "code",
     "collapsed": false,
     "input": [
      "LW = LedoitWolf(store_precision=True, assume_centered=False, block_size=1000)\n",
      "LW.fit(y.T)"
     ],
     "language": "python",
     "metadata": {},
     "outputs": [
      {
       "metadata": {},
       "output_type": "pyout",
       "prompt_number": 12,
       "text": [
        "LedoitWolf(assume_centered=False, block_size=1000, store_precision=True)"
       ]
      }
     ],
     "prompt_number": 12,
     "trusted": true
    },
    {
     "cell_type": "code",
     "collapsed": false,
     "input": [
      "C_LW = LW.covariance_"
     ],
     "language": "python",
     "metadata": {},
     "outputs": [],
     "prompt_number": 13,
     "trusted": true
    },
    {
     "cell_type": "code",
     "collapsed": false,
     "input": [
      "print(\"theoretical cov:\\n\",Ctheo)\n",
      "print(\"experimental cov:\\n\",np.cov(y))\n",
      "print(\"LW cov:\\n\",C_LW)\n",
      "print(\" Ctheo - Cexp : {:2.3f}\".format(frob_norm(Ctheo-np.cov(y))))\n",
      "print(\" Ctheo - C_GL : {:2.3f}\".format(frob_norm(Ctheo-C_GL)))\n",
      "print(\" Ctheo - C_LW : {:2.3f}\".format(frob_norm(Ctheo-C_LW)))"
     ],
     "language": "python",
     "metadata": {},
     "outputs": [
      {
       "output_type": "stream",
       "stream": "stdout",
       "text": [
        "theoretical cov:\n",
        " [[ 1.73   1.025  0.3    0.     0.     0.     0.   ]\n",
        " [ 1.025  1.653  0.84  -0.6    0.     0.     0.   ]\n",
        " [ 0.3    0.84   1.25  -0.36   0.6    0.08   0.   ]\n",
        " [ 0.    -0.6   -0.36   4.52   0.82   0.6    0.08 ]\n",
        " [ 0.     0.     0.6    0.82   2.29   0.06  -0.04 ]\n",
        " [ 0.     0.     0.08   0.6    0.06   1.52   0.14 ]\n",
        " [ 0.     0.     0.     0.08  -0.04   0.14   0.29 ]]\n",
        "experimental cov:\n",
        " [[  1.389e+00   1.091e+00   5.047e-01   5.052e-01   4.873e-01  -3.425e-01\n",
        "   -1.819e-01]\n",
        " [  1.091e+00   1.251e+00   6.835e-01   3.782e-01   6.034e-01  -6.463e-03\n",
        "   -5.413e-02]\n",
        " [  5.047e-01   6.835e-01   1.485e+00   1.748e-03   7.120e-01   1.401e-01\n",
        "    1.486e-01]\n",
        " [  5.052e-01   3.782e-01   1.748e-03   2.570e+00   1.141e+00   4.984e-01\n",
        "    1.800e-01]\n",
        " [  4.873e-01   6.034e-01   7.120e-01   1.141e+00   2.345e+00   3.831e-01\n",
        "    1.779e-01]\n",
        " [ -3.425e-01  -6.463e-03   1.401e-01   4.984e-01   3.831e-01   1.122e+00\n",
        "    2.502e-01]\n",
        " [ -1.819e-01  -5.413e-02   1.486e-01   1.800e-01   1.779e-01   2.502e-01\n",
        "    2.097e-01]]\n",
        "LW cov:\n",
        " [[  1.344e+00   4.591e-01   2.124e-01   2.126e-01   2.051e-01  -1.442e-01\n",
        "   -7.655e-02]\n",
        " [  4.591e-01   1.286e+00   2.877e-01   1.592e-01   2.540e-01  -2.720e-03\n",
        "   -2.278e-02]\n",
        " [  2.124e-01   2.877e-01   1.384e+00   7.357e-04   2.997e-01   5.896e-02\n",
        "    6.255e-02]\n",
        " [  2.126e-01   1.592e-01   7.357e-04   1.841e+00   4.801e-01   2.098e-01\n",
        "    7.576e-02]\n",
        " [  2.051e-01   2.540e-01   2.997e-01   4.801e-01   1.746e+00   1.613e-01\n",
        "    7.489e-02]\n",
        " [ -1.442e-01  -2.720e-03   5.896e-02   2.098e-01   1.613e-01   1.231e+00\n",
        "    1.053e-01]\n",
        " [ -7.655e-02  -2.278e-02   6.255e-02   7.576e-02   7.489e-02   1.053e-01\n",
        "    8.475e-01]]\n",
        " Ctheo - Cexp : 1.327\n",
        " Ctheo - C_GL : 1.199\n",
        " Ctheo - C_LW : 1.711\n"
       ]
      }
     ],
     "prompt_number": 14,
     "trusted": true
    },
    {
     "cell_type": "code",
     "collapsed": false,
     "input": [],
     "language": "python",
     "metadata": {},
     "outputs": [],
     "prompt_number": 14,
     "trusted": true
    },
    {
     "cell_type": "markdown",
     "metadata": {},
     "source": []
    },
    {
     "cell_type": "heading",
     "level": 2,
     "metadata": {},
     "source": [
      "Trying out other things : not relevant today"
     ]
    },
    {
     "cell_type": "heading",
     "level": 4,
     "metadata": {},
     "source": [
      "Simulate a sparse precision matrix.  Conclusion: if N>=50, it becomes hard to fin tril matrices that are not rank deficient"
     ]
    },
    {
     "cell_type": "code",
     "collapsed": false,
     "input": [
      "# create a covariance matrix of N nodes with T time values (repetitions) and sparsity of \n",
      "# precision matrix is L% \n",
      "\n",
      "\n",
      "def sim_sqrtP(N, L):\n",
      "    \"\"\"\n",
      "    L : put L% zeros in the sqrtP matrix\n",
      "    \"\"\"\n",
      "    \n",
      "    def arr_entries(n,norm_nbentries=N):\n",
      "        return np.abs(np.random.randn(n))*norm_nbentries\n",
      "    \n",
      "    # define the inverse square root matrix\n",
      "    # strict lower\n",
      "\n",
      "    Z = np.zeros((N-1,N-1))\n",
      "    tri_indices = np.tril_indices_from(Z)\n",
      "    P = np.zeros((N,N))\n",
      "\n",
      "    n_tri = tri_indices[0].shape[0]\n",
      "    try:\n",
      "        assert int((N)*(N-1)/2) == n_tri\n",
      "    except:\n",
      "        print(\"Aie : {} differ from {}\".format(int((N)*(N-1)/2), n_tri))\n",
      "            \n",
      "    n_zeros = iround(n_tri*L)\n",
      "    z = arr_entries(n_tri)\n",
      "    z[:n_zeros] = 0\n",
      "    z = np.random.permutation(z)\n",
      "    \n",
      "    P[(tri_indices[0]+1, tri_indices[1])] = z\n",
      "    # fill the diagonal\n",
      "    P[(np.arange(N),np.arange(N))] = arr_entries(N)\n",
      "    \n",
      "    rkP = np.linalg.matrix_rank(P)\n",
      "    if rkP < N:\n",
      "        print(\"rank deficient {}\".format(rkP))\n",
      "        return None\n",
      "    \n",
      "    return P\n"
     ],
     "language": "python",
     "metadata": {},
     "outputs": [],
     "prompt_number": 15,
     "trusted": true
    },
    {
     "cell_type": "code",
     "collapsed": false,
     "input": [
      "N = 6\n",
      "Z = np.zeros((N,N))\n",
      "sqrtP = sim_sqrtP(7, .5)\n",
      "np.set_printoptions(precision=1)\n",
      "print('{}\\n'.format(sqrtP))\n",
      "Prec = sqrtP.dot(sqrtP.T)\n",
      "print(Prec,\"\\n\")\n",
      "print(lin.inv(Prec))"
     ],
     "language": "python",
     "metadata": {},
     "outputs": [
      {
       "output_type": "stream",
       "stream": "stdout",
       "text": [
        "[[  5.9   0.    0.    0.    0.    0.    0. ]\n",
        " [  8.4   0.8   0.    0.    0.    0.    0. ]\n",
        " [  0.    0.   12.8   0.    0.    0.    0. ]\n",
        " [  5.6   0.    0.    5.4   0.    0.    0. ]\n",
        " [ 10.3  11.2   0.    8.9  15.9   0.    0. ]\n",
        " [  0.    5.8   0.    0.    0.    3.6   0. ]\n",
        " [  3.3  11.7   6.1  12.4   0.    0.    5.6]]\n",
        "\n",
        "[[  34.8   49.7    0.    33.3   61.     0.    19.6]\n",
        " [  49.7   71.7    0.    47.6   96.4    4.8   37.6]\n",
        " [   0.     0.   163.4    0.     0.     0.    78.4]\n",
        " [  33.3   47.6    0.    61.4  106.7    0.    86. ]\n",
        " [  61.    96.4    0.   106.7  565.8   64.8  275.2]\n",
        " [   0.     4.8    0.     0.    64.8   46.1   67.4]\n",
        " [  19.6   37.6   78.4   86.   275.2   67.4  369.6]] \n",
        "\n",
        "[[  2.7e+01  -1.8e+01  -3.3e-01  -1.7e+00   7.6e-02   7.9e-01   6.9e-01]\n",
        " [ -1.8e+01   1.2e+01   2.2e-01   1.1e+00  -5.3e-02  -5.5e-01  -4.5e-01]\n",
        " [ -3.3e-01   2.2e-01   1.3e-02   3.5e-02   2.2e-16   2.9e-15  -1.5e-02]\n",
        " [ -1.7e+00   1.1e+00   3.5e-02   2.1e-01  -6.4e-03   1.5e-14  -7.2e-02]\n",
        " [  7.6e-02  -5.3e-02   2.9e-16  -6.4e-03   3.9e-03  -7.0e-16  -6.1e-16]\n",
        " [  7.9e-01  -5.5e-01   2.9e-15   1.5e-14  -5.6e-16   7.8e-02  -6.1e-15]\n",
        " [  6.9e-01  -4.5e-01  -1.5e-02  -7.2e-02  -4.4e-16  -6.0e-15   3.2e-02]]\n"
       ]
      }
     ],
     "prompt_number": 16,
     "trusted": true
    },
    {
     "cell_type": "code",
     "collapsed": false,
     "input": [
      "N = 100\n",
      "M = np.tril(np.abs(np.random.randn(N,N)))\n",
      "np.linalg.matrix_rank(M)\n",
      "(u, s, vt) = lin.svd(M, full_matrices=False)\n",
      "plt.plot(s[N-5:])"
     ],
     "language": "python",
     "metadata": {},
     "outputs": [
      {
       "metadata": {},
       "output_type": "pyout",
       "prompt_number": 20,
       "text": [
        "[<matplotlib.lines.Line2D at 0x4ac5290>]"
       ]
      },
      {
       "metadata": {},
       "output_type": "display_data",
