{
 "metadata": {
  "name": "",
  "signature": "sha256:ff52b3941cf4e2d4c3ef1ee2710e7a76130693965478df61b04cfad244851506"
 },
 "nbformat": 3,
 "nbformat_minor": 0,
 "worksheets": [
  {
   "cells": [
    {
     "cell_type": "code",
     "collapsed": false,
     "input": [
      "import numpy as np\n",
      "import sklearn as skl\n",
      "import scipy.linalg as lin\n",
      "# % run ../utils/stats\n",
      "from __future__ import print_function\n",
      "import matplotlib.pylab as plt"
     ],
     "language": "python",
     "metadata": {},
     "outputs": [],
     "prompt_number": 1,
     "trusted": true
    },
    {
     "cell_type": "heading",
     "level": 2,
     "metadata": {},
     "source": [
      "The problem\n"
     ]
    },
    {
     "cell_type": "heading",
     "level": 3,
     "metadata": {},
     "source": []
    },
    {
     "cell_type": "code",
     "collapsed": false,
     "input": [
      "# construct data with a certain covariance matrix\n",
      "\n",
      "def cov2corr(C):\n",
      "    \"\"\"\n",
      "    no check that it is symetric positive\n",
      "    \"\"\"\n",
      "    C = np.asarray(C)\n",
      "    D = 1./np.sqrt(np.diag(C))\n",
      "    C = C*D[np.newaxis]\n",
      "    C = (C.T*D[np.newaxis])\n",
      "    return C \n",
      "\n",
      "\n",
      "def frob_norm(C, scaling=True):\n",
      "    \"\"\"\n",
      "    \"\"\"\n",
      "    return (C**2).sum()/np.min(np.asarray(C.shape))\n",
      "\n",
      "def Cex_vs_Cth(N,T,compare='max'):\n",
      "    \"\"\"\n",
      "    \"\"\"\n",
      "    x = np.random.normal(0,1,size=(N,T))\n",
      "    A = np.random.normal(0,1,size=(N,N))\n",
      "    y = A.dot(x)\n",
      "    Cexp = np.cov(y)\n",
      "    Ctheo = A.dot(A.T)\n",
      "    # np.max(np.abs(Cexp-Ctheo)))\n",
      "    if compare=='max':\n",
      "        return(np.mean(np.abs(cov2corr(Cexp)-cov2corr(Ctheo))))\n",
      "\n",
      "# check \n",
      "C = [[1.0, 1.0,  8.1],\n",
      "     [1.0, 16.0, 18.0],\n",
      "     [8.1, 18.0, 81.0]];\n",
      "\n",
      "np.set_printoptions(precision=3)\n",
      "print(cov2corr(C))\n"
     ],
     "language": "python",
     "metadata": {},
     "outputs": [
      {
       "output_type": "stream",
       "stream": "stdout",
       "text": [
        "[[ 1.    0.25  0.9 ]\n",
        " [ 0.25  1.    0.5 ]\n",
        " [ 0.9   0.5   1.  ]]\n"
       ]
      }
     ],
     "prompt_number": 2,
     "trusted": true
    },
    {
     "cell_type": "heading",
     "level": 2,
     "metadata": {},
     "source": [
      "Two cases: we can estimate a non degenerate covariance - or we cannot"
     ]
    },
    {
     "cell_type": "code",
     "collapsed": false,
     "input": [
      "N = 10\n",
      "T = 20\n",
      "x = np.random.normal(0,1,size=(N,T))\n",
      "A = np.random.normal(0,1,size=(N,N))\n",
      "y = A.dot(x)\n",
      "Cexp = np.cov(y)\n",
      "print(\"np.linalg.matrix_rank(Cexp) {}\".format(np.linalg.matrix_rank(Cexp)))\n",
      "Ctheo = A.dot(A.T)\n",
      "print(np.max(np.abs(Cexp-Ctheo)))\n",
      "print(np.max(np.abs(cov2corr(Cexp)-cov2corr(Ctheo))))\n",
      "print(frob_norm(cov2corr(Cexp)-cov2corr(Ctheo)))\n"
     ],
     "language": "python",
     "metadata": {},
     "outputs": [
      {
       "output_type": "stream",
       "stream": "stdout",
       "text": [
        "np.linalg.matrix_rank(Cexp) 10\n",
        "5.27290968184\n",
        "0.497219988296\n",
        "0.269048988035\n"
       ]
      }
     ],
     "prompt_number": 3,
     "trusted": true
    },
    {
     "cell_type": "code",
     "collapsed": false,
     "input": [],
     "language": "python",
     "metadata": {},
     "outputs": [],
     "prompt_number": 3,
     "trusted": true
    },
    {
     "cell_type": "code",
     "collapsed": false,
     "input": [
      "N = 20\n",
      "T = np.arange(10,500,10)\n",
      "Rep = 1\n",
      "res = [ np.mean(np.asarray([Cex_vs_Cth(N,t) for i in range(Rep)])) \n",
      "                                                   for t in T]\n",
      "line = plt.plot(res)"
     ],
     "language": "python",
     "metadata": {},
     "outputs": [
      {
       "metadata": {},
       "output_type": "display_data",
       "png": "iVBORw0KGgoAAAANSUhEUgAAAXsAAAD9CAYAAABdoNd6AAAABHNCSVQICAgIfAhkiAAAAAlwSFlz\nAAALEgAACxIB0t1+/AAAIABJREFUeJzt3XtcVHXeB/DPCGOWmrcQkSHHGBRUbk8IumaLKWDWYlr7\nRLmtj5GRrWW1T5u1Pa3WrtesVMrI1NXWp9y2FCrEy8o8FV5GCyJFEnYhh0kQWVHAC7ff88evWZBg\nmIEZ5nI+79frvGxmzjnz47x2P+fM7/c736MSQoCIiDxbL2c3gIiIHI9hT0SkAAx7IiIFYNgTESkA\nw56ISAEY9kRECtBp2GdlZU0PDg4uDAoKKlq5cuVzbT/fvn37nPDw8G/CwsLyJ02alJOfnx9m/kyr\n1ZaGhYXlR0ZG5kZHRxvs3XgiIrKSEKLDpbGx0SswMLC4pKREW19frw4PD88rKCgIab3OwYMHJ1ZX\nVw8QQmD37t3TY2JiDps/02q1JVVVVYMtfQcXLly4cHH8YvHK3mAwROt0umKtVluqVqsbkpKSPkhP\nT5/Zep2JEyceGjBgwAUAiImJOVJWVqZpczJR2f8URUREtrAY9iaTyT8gIMBofq3RaMpMJpN/R+tv\n2rQpecaMGZnm1yqVSkybNm1/VFTUsY0bN863T5OJiMhW3pY+VKlUVtdSyM7OnrJ58+aHc3JyJpnf\ny8nJmeTn53emsrLSJy4ubl9wcHDh5MmTv+jqdxARUQtbek4sXtn7+/ubjEZjgPm10WgM0Gg0ZW3X\ny8/PD5s/f/7GjIyMxEGDBp03v+/n53cGAHx8fCpnzZq102AwRHfQYC5C4A9/+IPT2+AqC48FjwWP\nheXFVhbDPioq6lhRUVFQaWmptr6+vveOHTvuT0xMzGi9zunTp2+ePXv2x3/5y19+pdPpis3vX7p0\n6Yaampr+AFBXV9d379698aGhod/a3EIiIuo2i9043t7ejampqQsTEhL2NDU1eSUnJ28KCQk5mZaW\nlgIAKSkpaS+//PJL58+fH7RgwYINAKBWqxsMBkN0eXn5sNmzZ38MAI2Njd5z5szZHh8fv9fxfxIR\nEbWl6srPAbs2QKUSzm6Dq9Dr9YiNjXV2M1wCj0ULHosWPBYtVCoVhA199gx7IiI3ZGvYs1wCEZEC\nMOyJiBTAJcKevThERI7lEmF/8aKzW0BE5NlcIux/+MHZLSAi8mwMeyIiBWDYExEpAMOeiEgBGPZE\nRArgEmFvMjm7BUREns0lwp5X9kREjsWwJyJSAJcohNa7t8CVK4CKT6slIrKKWxZC69sXqKpydiuI\niDyXS4T98OHsyiEiciSXCHt/f4Y9EZEjuUTYDx/O6ZdERI7kMmHPK3siIsdh2BMRKQDDnohIARj2\nREQKwLAnIlIAl7iDtr5eoG9f4PJlwMvLqc0hInILbnkHrVoNDB4MVFQ4uyVERJ7JJcIeYFcOEZEj\nMeyJiBSAYU9EpAAMeyIiBWDYExEpgMuEPStfEhE5jsuEPStfEhE5jkuFPa/siYgcwyXuoBVCoLkZ\n6NMHqKkBrrvOqU0iInJ5bnkHLQD06gX4+gLl5c5uCRGR53GZsAfYlUNE5Cidhn1WVtb04ODgwqCg\noKKVK1c+1/bz7du3zwkPD/8mLCwsf9KkSTn5+flh1m7bFmfkEBE5iBCiw6WxsdErMDCwuKSkRFtf\nX68ODw/PKygoCGm9zsGDBydWV1cPEEJg9+7d02NiYg5bu+2P4wXC7De/EWLdOkFERJ34MTstZnjr\nxeKVvcFgiNbpdMVarbZUrVY3JCUlfZCenj6z9ToTJ048NGDAgAsAEBMTc6SsrExj7bZtcfolEZFj\neFv60GQy+QcEBBjNrzUaTdmRI0diOlp/06ZNyTNmzMi0ddslS5YAAPLygEuXYgHE2vAnEBF5Pr1e\nD71e3+XtLYa9SqWyel5mdnb2lM2bNz+ck5MzydZtzWG/dy+wapW1WxERKUdsbCxiY2P//Xrp0qU2\nbW8x7P39/U1GozHA/NpoNAZoNJqytuvl5+eHzZ8/f2NWVtb0QYMGnbdl29Y4G4eIyEEsdeg3NDR4\n33LLLf8oKSnRXr16tXd7g6zff//9zYGBgcWHDh2aYOu2os0AbVWVEAMGOHZQg4jIE8DGAVqLV/be\n3t6NqampCxMSEvY0NTV5JScnbwoJCTmZlpaWAgApKSlpL7/88kvnz58ftGDBgg0AoFarGwwGQ3RH\n21r6vkGDgKtXgbo6oG9fO53NiIjIdcolmAUGAnv2ADqdExtFROTi3LZcghmnXxIR2Z9Lhj0HaYmI\n7IthT0SkAAx7IiIFYNgTESmAy4U9K18SEdmfy4U9Z+MQEdmfy4W9n5+8snfy9H8iIo/icmHfvz/g\n7Q1cuODslhAReQ6XC3uAg7RERPbGsCciUgCGPRGRArhk2HP6JRGRfblk2HP6JRGRfbls2PPKnojI\nfhj2REQKwLAnIlIAl3tSFQBcuQIMGABcvgz0csnTERGRc7n9k6oAoE8feSdtVZWzW0JE5BlcMuwB\nduUQEdmTS4c9p18SEdmHy4b9yJHArl2sfklEZA8uOUALAP/6F3DXXUBICPDOO7ISJhERSR4xQAsA\ngwcD+/cDZ84A990nZ+YQEVHXuGzYA0DfvkB6OnD99cCdd7LGPRFRV7l02ANA797A9u3AuHFAbCxQ\nUeHsFhERuR+XD3tA3li1fj0wcyZw221AaamzW0RE5F7cZthTpQKWLAFuugmYPBk4eRLo18/ZrSIi\ncg9ucWXf2sKFwNChQEGBs1tCROQ+3C7sAWD0aOC775zdCiIi9+GWYT9qFMOeiMgWbhn2vLInIrKN\n24b9qVPObgURkftw2XIJltTWAr6+QE0N690TkTJ5TLkES/r1AwYNAoxGZ7eEiMg9dBr2WVlZ04OD\ngwuDgoKKVq5c+VzbzwsLC4MnTpx4qE+fPlfWrFnz29afabXa0rCwsPzIyMjc6Ohogz0bzkFaIiLr\nWbypqqmpyWvhwoWp+/fvn+bv728aP3780cTExIyQkJCT5nWGDBlStX79+id27dp1T9vtVSqV0Ov1\nsYMHD/6XvRtuHqSNj7f3nomIPI/FK3uDwRCt0+mKtVptqVqtbkhKSvogPT19Zut1fHx8KqOioo6p\n1eqG9vZhS5+SLThIS0RkPYthbzKZ/AMCAv7dM67RaMpMJpO/tTtXqVRi2rRp+6Oioo5t3Lhxfnca\n2hanXxIRWc9iN45KperWVJ2cnJxJfn5+ZyorK33i4uL2BQcHF06ePPmLtustWbLk3/8dGxuL2NjY\nTvfNPnsiUhK9Xg+9Xt/l7S2Gvb+/v8loNAaYXxuNxgCNRlNm7c79/PzOALKrZ9asWTsNBkN0Z2Fv\nLa0WOHsWuHQJuOEGmzcnInIrbS+Ely5datP2FrtxoqKijhUVFQWVlpZq6+vre+/YseP+xMTEjPbW\nbds3f+nSpRtqamr6A0BdXV3fvXv3xoeGhn5rU+ss8PICbrkFKCqy1x6JiDyXxSt7b2/vxtTU1IUJ\nCQl7mpqavJKTkzeFhIScTEtLSwGAlJSUtPLy8mHjx48/evHixRt79erVvHbt2kUFBQVjzp49O3T2\n7NkfA0BjY6P3nDlztsfHx++1Z+PNg7Th4fbcKxGR53HLO2jNnn9ePrrwxRft3CgiIheniDtozThI\nS0RkHbcOe06/JCKyjlt341RVyUHa6mr52EIiIqVQVDfOkCGAWi2nYBIRUcfcOuwBduUQEVnD7cOe\ng7RERJ1z+7DnlT0RUecY9kRECuARYc9Sx0RElrn11EsAuHoVGDBAPo9WrbZjw4iIXJiipl4CwHXX\nAf7+wD//6eyWEBG5LrcPe4D99kREnfGYsGe/PRFRxzwm7HllT0TUMY8Ie95YRURkmUeEPa/siYgs\n84iwHz5cPou2utrZLSEick0eEfYqlezK4SAtEVH7PCLsAfbbExFZ4jFhz357IqKOMeyJiBSAYU9E\npABuXwjNrLYWGDpU/tvLY05hRETtU1whNLN+/YBBgwCj0dktISJyPR4T9gC7coiIOsKwJyJSAIY9\nEZECeFzYFxQ4uxVERK7Ho8J+0iTgxAkgP9/ZLSEici0eFfY33gi88AKweLGzW0JE5Fo8KuwB4LHH\ngMJCIDvb2S0hInIdHhf2110H/OlPwO9+BzQ3O7s1RESuwePCHgDuvx8QAvjwQ2e3hIjINXhMuYS2\nDhwAHn1Uzs7p3dvuuycicirFlkto6447gKAgIC2te/tx8rmQiMguPDbsAWDlStl/f/Gi7dteuAA8\n/rg8YTDwicjddRr2WVlZ04ODgwuDgoKKVq5c+VzbzwsLC4MnTpx4qE+fPlfWrFnzW1u2dbSwMCAh\nAVi1yrbtdu4Exo4FGhvlcvy4Y9pHRNRjhBAdLo2NjV6BgYHFJSUl2vr6enV4eHheQUFBSOt1zp49\n63P06NGo3//+93989dVXf2vLtj/21QtH+v57IQYPFsJk6nxdk0mIWbOEGDVKCL1evpeSIsSrrzq0\niURENvsxOy1meOvF4pW9wWCI1ul0xVqttlStVjckJSV9kJ6ePrP1Oj4+PpVRUVHH1Gp1g63b9oSb\nbwYefhhYsqTjdZqbgbffBsLD5RX9N98AP/+5/Cw+Hti3r0eaSkTkMN6WPjSZTP4BAQH/rhCv0WjK\njhw5EmPNjruzrb09/7ysm3P77bJb5tw5oLKyZSkulrXws7OBceOu3faOO4C5c4ErV4A+fZzReiKi\n7rMY9iqVqstDk7Zsu6TVZXdsbCxiY2O7+rXtGjwYWLcO2LYN8PFpWUaNkv8OHQpER7f/hKuBA+UJ\nICcHmDrVrs0iIrKaXq+HXq/v8vYWw97f399kNBoDzK+NRmOARqMps2bHtmy7xFIfi5088IBcuiIu\nTnblMOyJyFnaXggvXbrUpu0t9tlHRUUdKyoqCiotLdXW19f33rFjx/2JiYkZ7a0r2kzut2VbV2cO\neyIid2Xxyt7b27sxNTV1YUJCwp6mpiav5OTkTSEhISfT0tJSACAlJSWtvLx82Pjx449evHjxxl69\nejWvXbt2UUFBwZh+/frVtrdtz/xZ9jVhguzXr6yU3T5ERO7GY8sl2FtiIvDgg0BSkrNbQkTEcgkO\nw64cInJnDHsrxccDe/eydAIRuSeGvZVGjQJUKj7QnIjcE8PeSioVu3KIyH0x7G1g7sohInI3nI1j\ng3PngMBAOQWTD0QhImfibBwHuukmQKcDDh92dkuIiGzDsLcRq2ASkTti2NuIg7RE5I7YZ2+jq1dl\nyYTvv5dlkYmInIF99g523XXApEnAgQPObgkRkfUY9l3ArhwicjcM+y7o6nz72lr58PPGRvu3iYjI\nEosljql9Y8fKxxT+4x9y3r01GhqAX/5STtusqQFeecWxbSQiao1X9l2gUgHTpgF79li3vhDAo4/K\nxx4ePw5s2iSfd0tE1FN4Zd9FycnAfffJ59t2VuP+D38ATpyQAd+3L/DnPwMPPQTk5ckbtYiIHI1T\nL7shNxe4915g1ixg5UrAu51T5zvvyH76gwflg83Nfvc74ORJICND/lIgIrKFrVMvGfbd9K9/ySdY\nXb0K7NhxbaB/8onsvvniC1lmobX6euC224Bf/Qp48smebTMRuT/Os+9hgwcDn30mgzsqCjhyRL5/\n5Ajw8MNAevpPgx6QhdQ++AD44x/lLwQiIkfilb0dpacDjzwCLFoEvPkmsHEjcPfdlrd5/31gyRLg\nq6+Afv16pJlE5AHYjeNk330nu2ZSUmTwW+Phh+WMnS1bHNs2IvIcDHs3VFcH3Hor8NJLsv+fiKgz\nDHs3dewY8ItfAKdOAf37O7s1ROTqOEDrpqKi5I1aa9Y4uyVE5IkY9i7kj38E1q8Hzpzp/r6OHQPe\ne6/7+zE7elTOOLp61X77JKKew7B3ISNGyMHapUu7vo/KSmD+fDkL6Pe/B7Zv7367hACeeQYoKQHe\neKP7+yOinsewdzEvvAB8/LG8u9YWjY1Aaqos0ta3L1BYCGRmAk8/3TL3v6syMoDqalnDf/Vq+/zy\nIKKexQFaF7Rmjbzrdtcu69b/v/8DnngCGDJEdgONG9fy2SefAI89JgNfo7G9LQ0NQGgo8PrrwJ13\nAs89B5w9y2miRM7G2Tge4MoVIDhY9rlPntzxehcvAo8/Dnz+OfDqq7KEcnt1dlatkqUcPv9cXvXb\nYsMG4KOP5MNaVCr5ncHB8gay8eNt2xcR2Q/D3kNs3y6v0g8daj/Ai4qAmTPlyeC11yyHuBDA3LnA\n5csy9HtZ2XlXUwOMGiW7gyIjW97fskUWeDt4kEXciJyFUy89xAMPyGJpH33008/27JEzYxYtAtLS\nOr9aV6lkOJeV2fbQlNWr5XTQ1kEPyBNHQwPwv/9r/b6sJYQsIfHuu/bfN5GiCSGcusgmUHv27RNC\npxPi6lX5urlZiFWrhPDzE+KLL2zf35kzQtx8sxB//Wvn65pMQgweLERpafuf5+QI4e8vRE2N7e3o\nSH6+ELffLkREhBC33CLE+vX223dHXn1ViI8/dvz3ENnbj9lpfdbasrIjFoa9ZQkJMvQuXRLiwQeF\n+I//EOL06a7v7+uvhbjpJiH277e83iOPCPHss5bXefBBIV58settMTt/XohFi4Tw8RHirbeEaGwU\noqREiIAAITZt6v7+O3LhghADB8qTVl2d476HyBFsDXv22bu4b74BEhLkTJrRo2X3xvXXd2+fe/fK\nufi33gqsWCH75Vs7cQKYMkWWbhg4sOP9lJUB4eGyYqdWa3s7mpvlIPTixbJUxLJl1z6569Qp2Y5X\nX5XdWva2bh2QkyPbEREh70sgchccoPVAL7wgp1U+84z9BkSvXJFht3q1DNKXXmoJ2rvvBqZOlXP0\nO/PKK0B+PvDhh7Z9f3m5fMqX+f6Ajmb2HD8uxw02bJBPBLOX5mZ58ty6VT5wZsIEoKDg2ofPELky\nhj3Z5Nw54OWX5aDos8/KOfW/+Y28qeu66zrf/vJlORVz0yYZytY4e1Zesd93n3w+b2ezg776Ss7x\n37YNmD7duu/ozGefye8+elSeQBctkieeN9+0z/6JHM3WsO+0n2f37t3TR48eXajT6YpWrFjxXHvr\nPPHEE+t0Ol1RWFjYN19//XWk+f0RI0aUhoaG5kdEROSOHz/e0N62YJ+9S/juOyFmzZKjOO+/b9u2\nWVlyHGDnzs7XrawUIjRUiP/5H9u+IydHfkd2tm3bdSQ+Xoht265t15AhQhQW2mf/RI4Gew7QNjY2\negUGBhaXlJRo6+vr1eHh4XkFBQUhrdf57LPPZtx5552ZQggcPnw4JiYm5rD5M61WW1JVVTXYYgMY\n9i6luFjO+rGVwSAHOv/0p463r6qSM20WL+7ad/z97zLw331XiCtXbN/erKBAiGHDfrqPFSuEuOee\nru+XqCfZGvYWf0AbDIZonU5XrNVqS9VqdUNSUtIH6enpM1uvk5GRkTh37tytABATE3Okurp6YEVF\nhW+rXw687caNBAZ2bVxg/HhZkmHnTvmkrsuXr/28uhqIj5djAcuWde077rhDln/48EPgllvkncEX\nLti+n/Xr5ZPE2nZTPfkk8PXXslQFkafxtvShyWTyDwgIMJpfazSasiNHjsR0to7JZPL39fWtUKlU\nYtq0afu9vLyaUlJS0ubPn7+xve9ZsmTJv/87NjYWsbGxXfxzyJn8/WVJhocfBmJjZW0fPz8ZyAkJ\n8kaw1au7N8g8YQKQlQXk5clZOrfcAiQnA089BQwf3vn258/L8YmCgp9+dv31ssz0s892fOcykbPo\n9Xro9foub28x7FUqlVUjpx1dvX/55Ze3DR8+/IfKykqfuLi4fcHBwYWTJ0/+yXVT67An93b99fLO\n2mXLgOhoObXyhRfkw1lef91+ARoRAfzlL8D338v9jhsnZ/e88YblO4o3bwbuukuehNozZ47c34cf\nAv/5n/ZpK5E9tL0QXmpjLXSL3Tj+/v4mo9EYYH5tNBoDNBpNmaV1ysrKNP7+/iYAGD58+A8A4OPj\nUzlr1qydBoMh2qbWkVtSqeSc9XXrZLCOGye7ThxxpTxihAz4oiJZwiEuTl69t6epSU7zXLSo4/31\n6iV/fTz/PB/UQp7FYthHRUUdKyoqCiotLdXW19f33rFjx/2JiYkZrddJTEzM2LZt268B4PDhwxMG\nDhxY7evrW3Hp0qUbampq+gNAXV1d371798aHhoZ+67g/hVzNrFnyyvvtt60vvtZVQ4bIAm0TJwI/\n/7mcx9/WJ58Aw4Z1Xq1z6lQ5nXTDBse01VU0NwNVVfLZB59/LuswGY2db0fuyWI3jre3d2NqaurC\nhISEPU1NTV7JycmbQkJCTqalpaUAQEpKStqMGTMyMzMzZ+h0uuK+ffvWbdmyZR4AlJeXD5s9e/bH\nANDY2Og9Z86c7fHx8Xsd/yeRK2l9R6yjqVSyH3/ZMjk+sG8fMHJky+dr11q+qm9t1So57nD5stzX\n+PFAnz6Wtzl3To4lDBggu61csc//3Xflr6yzZ2V7+/cHfHzkzWSDBgGPPioH2F94AfD17Xx/5D54\nUxV5pDfflKUgsrLk07vy8+WNWaWlgFpt3T7+/nd589UXX8gB3chIWVL6ttvkrKUTJ2S45+bKf2tr\nZfmI8nJ5h/J998lnDERHO/6XTWfq6+WJTq8HNm6UA9s33QT07n3tehUVwPLlcqwlJUUOVg8a5JQm\nUyd4By3Rj7ZvB377W9l9k5Ymr/K7Wv+mthY4fBj48ksZ/qWlciwiIqJl0Wrl1bwQsszDhx/Kpba2\nJfgnTuz5K/7ycvn9Q4bIEL/xxs63OX1alsLYtUvOdFq0COjX76frmf+v64q/Yjwdw56olU8+kVMz\nGxpkYTUfn55vw4kTwN/+JoM2MlJeWVsqMGdWVQUsWCCvtjdsAMaMsf27jx4FZs+Wx+Cll2z/hVFU\nJMtK7N4tw76+Xh7L1v9GR8sH2Xh52d4+6jqGPVEbn38OfPutrPnjTFeuAP/937Jr6P335T0DHdm3\nD5g3D7j/fkCnk0H9zDOyW8Xb4khbi61b5fdt3Ajcc0/32l5RIWcn9e4tu8HM/6rVwO23yyqq//Vf\n3fuOnlRdLccvBgyQbXdHdq+N4+gFLJdACrNzpxBDh8ryDE1N1352+bIQTz8thEYjH15jVloqRFyc\nELfeKh/y0pHmZlnf5/HHhQgKEuLECcf8Da3l5MhnD1y65Pjv6q5Tp4RYuFCIQYPk8xhGjry2RpI7\ngT3LJRCR/d1zj+xe+fRTWcXTPE30+HHZJXL6tBzwbV1FdMQI+TjKxx6TZSNeeUV2owDyDuWdO+WA\n6siRcjshAIOha10/tvrZz+Tso3XrHP9dXSEEcOCAfGbCz34mxyy+/VaO6XzyiRzX+fJLZ7fS8diN\nQ+QkjY0ytDdulNMdt2wBVq6U3TeWBjyNRjlF8ocfZHDl5ckQS0iQJ4+QkJ4fMP3uO2DSJPnvkCFd\n20dJiSxjnZ8PLFwoy2B3R3GxvHdg+3Z5rJ96Sh7nG264dr09e+RzlXNy5Cwrd8E+eyI3o9fLMg4v\nvST7560hBJCeLstT3H57959eZg+PPy7vRXjtNeu3qa2Vg9d//rMcyE5KklNlX3tN1jpaskTe72Ct\nwkIZ8H/7mzwZzp4tZ0FNmWL5BPjWW/L+g0OHOh48b2iQ7VqxAggLA2bMkMu4cV0/uQoBZGTIBwbZ\nOsDNsCcip6iokN1Gx45dezNbew4elNNh09PlHc9z58rSGuZKpI2NchD75Zdlgb32Qv/qVflL4vhx\n+Wvg009lqYx775VTTSdNsi1AFy2SJ5zdu396L4bBIAdy/fxk4JeWApmZcrC9qakl+KdOtVybqbWi\nItktd+GC3I+tN7Ex7InIaZYulVNct29v/3Mh5E1bb70l+8offNByyDU2ysJ6r7win8N8223yBrcT\nJ2QpjpEj5S+BsWNlCe0JE7p+A1tTE5CYKE8uaWnyar2mBnjxReCvfwXWrJGP8Gx9FS+EPOFkZsol\nNxf49a9lueyOTnj19fJO79dek/d9PPGE9TOsWmPYE5HT1NYCQUHyKvvWW6/97PJl4JFH5BXtrl3W\nlaQ2M1/pnzolu03GjgVGjfrpHcDdVVMjfxHMnSv/joULZXG9VausG4s4fVoW29u8Wf5iefppuT/z\nCeLQIfkLYcQIecIbMaLrbWXYE5FTvf22vHN4//6WkDtzRs5CCgyUzyt2hTGGjpw+DcTEyLpBaWld\nGyiurZXjEGvXyjGARYtk0O/cKau0/vKX3R9EZ9gTkVM1NMgH17/xhpwd9NVXMugXLJClo92htEJF\nhbzhqrPid51papL98ampsh7R8uX2qzXEsCcip9u5U5ZZeP55eVWbliZLXpP9MOyJyOmEkIOpZWVy\namF4uLNb5HkY9kTkEior5SwTlkh2DIY9EZEC2Br2rI1DRKQADHsiIgVg2BMRKQDDnohIARj2REQK\nwLAnIlIAhj0RkQIw7ImIFIBhT0SkAAx7IiIFYNgTESkAw56ISAEY9kRECsCwJyJSAIY9EZECMOyJ\niBSAYU9EpAAMeyIiBWDYExEpQKdhn5WVNT04OLgwKCioaOXKlc+1t86TTz65LigoqCg8PPyb3Nzc\nSFu2pRZ6vd7ZTXAZPBYteCxa8Fh0ncWwb2pq8lq4cGFqVlbW9IKCgjHvv//+AydPngxpvU5mZuaM\n4uJiXVFRUdA777zz6IIFCzZYuy1di/9DbsFj0YLHogWPRddZDHuDwRCt0+mKtVptqVqtbkhKSvog\nPT19Zut1MjIyEufOnbsVAGJiYo5UV1cPLC8vH2bNtkRE1DMshr3JZPIPCAgwml9rNJoyk8nkb806\nP/zww/DOtiUiop7hbelDlUolrNmJEELVnUaoVN3a3KMsXbrU2U1wGTwWLXgsWvBYdI3FsPf39zcZ\njcYA82uj0Rig0WjKLK1TVlam0Wg0ZQ0NDerOtgW6f6IgIqLOWezGiYqKOlZUVBRUWlqqra+v771j\nx477ExMTM1qvk5iYmLFt27ZfA8Dhw4cnDBw4sNrX17fCmm2JiKhnWLyy9/b2bkxNTV2YkJCwp6mp\nySs5OXlQG2LPAAAEbklEQVRTSEjIybS0tBQASElJSZsxY0ZmZmbmDJ1OV9y3b9+6LVu2zLO0bU/8\nUURE1IYQwmnL7t27p48ePbpQp9MVrVix4jlntqWnl3nz5m0eOnRoxbhx4741v1dVVTV42rRp+4KC\ngk7FxcXtPX/+/EBnt9PRy+nTpwNiY2Ozx4wZc2Ls2LHH165d+6RSj8Xly5f7REdHHwkPD88LCQkp\nWLx48XKlHgvz0tjY6BUREZF79913f6LkYzFixIjS0NDQ/IiIiNzx48cbunIsnHYHrdLn4c+bN29L\nVlbW9NbvrVixYnFcXNy+U6dOjZo6derfV6xYsdhZ7esparW64fXXX3/6xIkTYw8fPjzhzTff/M3J\nkydDlHgs+vTpcyU7O3tKXl5eRH5+flh2dvaUL7/88jYlHguztWvXLhozZkyBebKIUo+FSqUSer0+\nNjc3N9JgMEQDXTgWzjpTHTx4cGJCQkKW+fXy5csXL1++fLGzz6A9uZSUlGhbX9mPHj26sLy83FcI\ngTNnzgwbPXp0obPb2NPLzJkzd+3bt2+a0o9FXV3dDVFRUUePHz8+VqnHwmg0aqZOnbr/wIEDU8xX\n9ko9FlqttuTcuXNDWr9n67Fw2pW9NXP4laaiosLX19e3AgB8fX0rKioqfJ3dpp5UWlqqzc3NjYyJ\niTmi1GPR3NzcKyIiIs/X17diypQp2WPHjj2h1GPx9NNPv7569epne/Xq1Wx+T6nHQqVSiWnTpu2P\nioo6tnHjxvmA7cfC4gCtI1k7h1+pVCqVUNIxqq2t7Xfvvfd+tHbt2kX9+/evaf2Zko5Fr169mvPy\n8iIuXLgwICEhYU92dvaU1p8r5Vh8+umndw8dOvRsZGRkrl6vj21vHaUcCwDIycmZ5Ofnd6aystIn\nLi5uX3BwcGHrz605Fk67srdmDr/S+Pr6VpSXlw8DgDNnzvgNHTr0rLPb1BMaGhrU995770cPPfTQ\ne/fcc88uQLnHwmzAgAEX7rrrrs+++uqrW5V4LA4ePPizjIyMxJEjR5Y88MAD7x84cOCOhx566D0l\nHgsA8PPzOwMAPj4+lbNmzdppMBiibT0WTgt7zsP/qcTExIytW7fOBYCtW7fONQefJxNCqJKTkzeN\nGTOm4KmnnnrD/L4Sj8W5c+duqq6uHggAly9fvn7fvn1xkZGRuUo8FsuWLXvBaDQGlJSUjPzggw+S\n7rjjjgPvvffeQ0o8FpcuXbqhpqamPwDU1dX13bt3b3xoaOi3Nh8LZw46ZGZm3jlq1KjvAgMDi5ct\nW/a8swdBenJJSkp638/P7we1Wl2v0WiMmzdvnldVVTV46tSp+5U0reyLL764TaVSNYeHh+dFRETk\nRkRE5O7evXu6Eo9Ffn5+aGRk5Nfh4eF5oaGh+atWrXpWCDnFTmnHovWi1+t//otf/CJDqcfin//8\n58jw8PC88PDwvLFjxx43Z6Wtx0IlhCK6vIiIFI1PqiIiUgCGPRGRAjDsiYgUgGFPRKQADHsiIgVg\n2BMRKcD/AzawnxD2sLT7AAAAAElFTkSuQmCC\n",
       "text": [
        "<matplotlib.figure.Figure at 0x4382a50>"
       ]
      }
     ],
     "prompt_number": 4,
     "trusted": true
    },
    {
     "cell_type": "code",
     "collapsed": false,
     "input": [],
     "language": "python",
     "metadata": {},
     "outputs": [],
     "prompt_number": 4,
     "trusted": true
    },
    {
     "cell_type": "heading",
     "level": 2,
     "metadata": {},
     "source": [
      "An (explicit) graphical model example"
     ]
    },
    {
     "cell_type": "code",
     "collapsed": false,
     "input": [
      "# let's make a small number of nodes gaussians, depending on each others\n",
      "N = 7\n",
      "A = np.zeros((N,N))\n",
      "A[0,:] = [1., .8, .3, 0, 0 ,0, 0] \n",
      "A[1,:] = [0, 1., .75, -.3, 0, 0 ,0] \n",
      "A[2,:] = [0, 0., 1., -.3, .4, 0 ,0] \n",
      "A[3,:] = [0, 0, 0, 2, .6, .4, 0] \n",
      "A[4,:] = [0, 0, 0, 0, 1.5, -.2, 0] \n",
      "A[5,:] = [0, 0, 0, 0, .2, 1.2, -.2] \n",
      "A[6,:] = [0, 0, 0, 0, 0, .2, .5] "
     ],
     "language": "python",
     "metadata": {},
     "outputs": [],
     "prompt_number": 5,
     "trusted": true
    },
    {
     "cell_type": "code",
     "collapsed": false,
     "input": [
      "T = 10\n",
      "N = A.shape[0]\n",
      "x = np.random.normal(0,1,size=(N,T))\n",
      "y = A.dot(x)\n",
      "print(y.shape)\n",
      "np.set_printoptions(precision=2)\n",
      "\n",
      "print(\"theoretical corr:\\n\",cov2corr((A.dot(A.T))))\n",
      "print(\"experimental corr:\\n\",np.corrcoef(y),\"\\n\")\n",
      "print(\"theoretical cov:\\n\",((A.dot(A.T))))\n",
      "print(\"experimental cov:\\n\",np.cov(y))\n"
     ],
     "language": "python",
     "metadata": {},
     "outputs": [
      {
       "output_type": "stream",
       "stream": "stdout",
       "text": [
        "(7, 10)\n",
        "theoretical corr:\n",
        " [[ 1.    0.61  0.2   0.    0.    0.    0.  ]\n",
        " [ 0.61  1.    0.58 -0.22  0.    0.    0.  ]\n",
        " [ 0.2   0.58  1.   -0.15  0.35  0.06  0.  ]\n",
        " [ 0.   -0.22 -0.15  1.    0.25  0.23  0.07]\n",
        " [ 0.    0.    0.35  0.25  1.    0.03 -0.05]\n",
        " [ 0.    0.    0.06  0.23  0.03  1.    0.21]\n",
        " [ 0.    0.    0.    0.07 -0.05  0.21  1.  ]]\n",
        "experimental corr:\n",
        " [[ 1.    0.63  0.09  0.17 -0.36 -0.23 -0.05]\n",
        " [ 0.63  1.    0.59  0.05  0.14 -0.31 -0.41]\n",
        " [ 0.09  0.59  1.   -0.07  0.47 -0.07 -0.57]\n",
        " [ 0.17  0.05 -0.07  1.    0.26  0.71  0.49]\n",
        " [-0.36  0.14  0.47  0.26  1.    0.26  0.14]\n",
        " [-0.23 -0.31 -0.07  0.71  0.26  1.    0.45]\n",
        " [-0.05 -0.41 -0.57  0.49  0.14  0.45  1.  ]] \n",
        "\n",
        "theoretical cov:\n",
        " [[ 1.73  1.02  0.3   0.    0.    0.    0.  ]\n",
        " [ 1.02  1.65  0.84 -0.6   0.    0.    0.  ]\n",
        " [ 0.3   0.84  1.25 -0.36  0.6   0.08  0.  ]\n",
        " [ 0.   -0.6  -0.36  4.52  0.82  0.6   0.08]\n",
        " [ 0.    0.    0.6   0.82  2.29  0.06 -0.04]\n",
        " [ 0.    0.    0.08  0.6   0.06  1.52  0.14]\n",
        " [ 0.    0.    0.    0.08 -0.04  0.14  0.29]]\n",
        "experimental cov:\n",
        " [[ 1.63  0.72  0.13  0.22 -0.74 -0.3  -0.03]\n",
        " [ 0.72  0.8   0.56  0.04  0.2  -0.29 -0.16]\n",
        " [ 0.13  0.56  1.1  -0.08  0.8  -0.07 -0.26]\n",
        " [ 0.22  0.04 -0.08  1.02  0.42  0.74  0.22]\n",
        " [-0.74  0.2   0.8   0.42  2.59  0.43  0.1 ]\n",
        " [-0.3  -0.29 -0.07  0.74  0.43  1.07  0.2 ]\n",
        " [-0.03 -0.16 -0.26  0.22  0.1   0.2   0.19]]\n"
       ]
      }
     ],
     "prompt_number": 6,
     "trusted": true
    },
    {
     "cell_type": "markdown",
     "metadata": {},
     "source": [
      "Conclusion: estimation can be real bad with a small number of points.\n",
      "See how bad it gets if you have less data than regions"
     ]
    },
    {
     "cell_type": "heading",
     "level": 3,
     "metadata": {},
     "source": [
      "Graph Lasso Estimation"
     ]
    },
    {
     "cell_type": "code",
     "collapsed": false,
     "input": [
      "from sklearn.covariance import GraphLassoCV, GraphLasso, LedoitWolf"
     ],
     "language": "python",
     "metadata": {},
     "outputs": [],
     "prompt_number": 7,
     "trusted": true
    },
    {
     "cell_type": "markdown",
     "metadata": {},
     "source": [
      "####Scikit-learn : cite:\n",
      "\n",
      "Pedregosa, Fabian, Ga\u00ebl Varoquaux, Alexandre Gramfort, Vincent Michel, Bertrand Thirion, Olivier Grisel, Mathieu Blondel, Peter Prettenhofer, Ron Weiss, and Vincent Dubourg. \u201cScikit-Learn: Machine Learning in Python.\u201d The Journal of Machine Learning Research 12 (2011): 2825\u201330."
     ]
    },
    {
     "cell_type": "code",
     "collapsed": false,
     "input": [
      "GL = GraphLassoCV(alphas=10, mode='cd')\n",
      "GL.fit(y.T)"
     ],
     "language": "python",
     "metadata": {},
     "outputs": [
      {
       "metadata": {},
       "output_type": "pyout",
       "prompt_number": 8,
       "text": [
        "GraphLassoCV(alphas=10, assume_centered=False, cv=None, max_iter=100,\n",
        "       mode='cd', n_jobs=1, n_refinements=4, tol=0.0001, verbose=False)"
       ]
      }
     ],
     "prompt_number": 8,
     "trusted": true
    },
    {
     "cell_type": "code",
     "collapsed": false,
     "input": [
      "C_GL = GL.covariance_\n",
      "Prec_GL = GL.precision_"
     ],
     "language": "python",
     "metadata": {},
     "outputs": [],
     "prompt_number": 9,
     "trusted": true
    },
    {
     "cell_type": "heading",
     "level": 4,
     "metadata": {},
     "source": [
      "Compare correlations"
     ]
    },
    {
     "cell_type": "code",
     "collapsed": false,
     "input": [
      "np.set_printoptions(precision=3)\n",
      "Ctheo = A.dot(A.T)\n",
      "print(\"theoretical corr:\\n\",cov2corr(Ctheo))\n",
      "print(\"experimental corr:\\n\",np.corrcoef(y))\n",
      "print(\"GL corr:\\n\",cov2corr(C_GL))\n",
      "print(\" corr_theo - corr_exp : {:2.3f}\".format(frob_norm(cov2corr(Ctheo)-np.corrcoef(y))))\n",
      "print(\" corr_theo - corr_GL : {:2.3f}\".format(frob_norm(cov2corr(Ctheo)-cov2corr(C_GL))))\n"
     ],
     "language": "python",
     "metadata": {},
     "outputs": [
      {
       "output_type": "stream",
       "stream": "stdout",
       "text": [
        "theoretical corr:\n",
        " [[ 1.     0.606  0.204  0.     0.     0.     0.   ]\n",
        " [ 0.606  1.     0.584 -0.22   0.     0.     0.   ]\n",
        " [ 0.204  0.584  1.    -0.151  0.355  0.058  0.   ]\n",
        " [ 0.    -0.22  -0.151  1.     0.255  0.229  0.07 ]\n",
        " [ 0.     0.     0.355  0.255  1.     0.032 -0.049]\n",
        " [ 0.     0.     0.058  0.229  0.032  1.     0.211]\n",
        " [ 0.     0.     0.     0.07  -0.049  0.211  1.   ]]\n",
        "experimental corr:\n",
        " [[ 1.     0.631  0.094  0.173 -0.361 -0.228 -0.052]\n",
        " [ 0.631  1.     0.594  0.045  0.138 -0.31  -0.415]\n",
        " [ 0.094  0.594  1.    -0.073  0.474 -0.066 -0.565]\n",
        " [ 0.173  0.045 -0.073  1.     0.256  0.712  0.494]\n",
        " [-0.361  0.138  0.474  0.256  1.     0.259  0.143]\n",
        " [-0.228 -0.31  -0.066  0.712  0.259  1.     0.446]\n",
        " [-0.052 -0.415 -0.565  0.494  0.143  0.446  1.   ]]\n",
        "GL corr:\n",
        " [[  1.000e+00   2.605e-01   2.820e-03  -5.609e-04  -1.560e-01  -9.105e-04\n",
        "    0.000e+00]\n",
        " [  2.605e-01   1.000e+00   1.443e-01   8.258e-05  -8.305e-03  -1.379e-05\n",
        "    0.000e+00]\n",
        " [  2.820e-03   1.443e-01   1.000e+00   3.763e-04   2.248e-01   1.179e-03\n",
        "    0.000e+00]\n",
        " [ -5.609e-04   8.258e-05   3.763e-04   1.000e+00   1.612e-03   3.085e-01\n",
        "    0.000e+00]\n",
        " [ -1.560e-01  -8.305e-03   2.248e-01   1.612e-03   1.000e+00   5.225e-03\n",
        "    0.000e+00]\n",
        " [ -9.105e-04  -1.379e-05   1.179e-03   3.085e-01   5.225e-03   1.000e+00\n",
        "    0.000e+00]\n",
        " [  0.000e+00   0.000e+00   0.000e+00   0.000e+00   0.000e+00   0.000e+00\n",
        "    1.000e+00]]\n",
        " corr_theo - corr_exp : 0.428\n",
        " corr_theo - corr_GL : 0.169\n"
       ]
      }
     ],
     "prompt_number": 10,
     "trusted": true
    },
    {
     "cell_type": "heading",
     "level": 4,
     "metadata": {},
     "source": [
      "Compare Covariances"
     ]
    },
    {
     "cell_type": "code",
     "collapsed": false,
     "input": [
      "print(\"theoretical cov:\\n\",Ctheo)\n",
      "print(\"experimental cov:\\n\",np.cov(y))\n",
      "print(\"GL cov:\\n\",C_GL)\n",
      "print(\" Ctheo - Cexp : {:2.3f}\".format(frob_norm(Ctheo-np.cov(y))))\n",
      "print(\" Ctheo - C_GL : {:2.3f}\".format(frob_norm(Ctheo-C_GL)))"
     ],
     "language": "python",
     "metadata": {},
     "outputs": [
      {
       "output_type": "stream",
       "stream": "stdout",
       "text": [
        "theoretical cov:\n",
        " [[ 1.73   1.025  0.3    0.     0.     0.     0.   ]\n",
        " [ 1.025  1.653  0.84  -0.6    0.     0.     0.   ]\n",
        " [ 0.3    0.84   1.25  -0.36   0.6    0.08   0.   ]\n",
        " [ 0.    -0.6   -0.36   4.52   0.82   0.6    0.08 ]\n",
        " [ 0.     0.     0.6    0.82   2.29   0.06  -0.04 ]\n",
        " [ 0.     0.     0.08   0.6    0.06   1.52   0.14 ]\n",
        " [ 0.     0.     0.     0.08  -0.04   0.14   0.29 ]]\n",
        "experimental cov:\n",
        " [[ 1.63   0.719  0.126  0.223 -0.742 -0.3   -0.029]\n",
        " [ 0.719  0.796  0.557  0.041  0.198 -0.286 -0.163]\n",
        " [ 0.126  0.557  1.103 -0.078  0.801 -0.071 -0.261]\n",
        " [ 0.223  0.041 -0.078  1.023  0.417  0.744  0.22 ]\n",
        " [-0.742  0.198  0.801  0.417  2.588  0.43   0.101]\n",
        " [-0.3   -0.286 -0.071  0.744  0.43   1.065  0.203]\n",
        " [-0.029 -0.163 -0.261  0.22   0.101  0.203  0.194]]\n",
        "GL cov:\n",
        " [[  1.467e+00   2.671e-01   3.403e-03  -6.519e-04  -2.883e-01  -1.080e-03\n",
        "    0.000e+00]\n",
        " [  2.671e-01   7.167e-01   1.217e-01   6.708e-05  -1.073e-02  -1.144e-05\n",
        "    0.000e+00]\n",
        " [  3.403e-03   1.217e-01   9.925e-01   3.597e-04   3.417e-01   1.150e-03\n",
        "    0.000e+00]\n",
        " [ -6.519e-04   6.708e-05   3.597e-04   9.207e-01   2.360e-03   2.898e-01\n",
        "    0.000e+00]\n",
        " [ -2.883e-01  -1.073e-02   3.417e-01   2.360e-03   2.329e+00   7.808e-03\n",
        "    0.000e+00]\n",
        " [ -1.080e-03  -1.144e-05   1.150e-03   2.898e-01   7.808e-03   9.589e-01\n",
        "    0.000e+00]\n",
        " [  0.000e+00   0.000e+00   0.000e+00   0.000e+00   0.000e+00   0.000e+00\n",
        "    1.745e-01]]\n",
        " Ctheo - Cexp : 2.479\n",
        " Ctheo - C_GL : 2.791\n"
       ]
      }
     ],
     "prompt_number": 11,
     "trusted": true
    },
    {
     "cell_type": "heading",
     "level": 3,
     "metadata": {},
     "source": [
      "Ledoit-Wolf estimator"
     ]
    },
    {
     "cell_type": "markdown",
     "metadata": {},
     "source": [
      "(1 - shrinkage)*cov\n",
      "        + shrinkage*mu*np.identity(n_features)\n",
      "\n",
      "with \n",
      "\n",
      "* mu from \n",
      "     mu = trace(cov) / n_features\n",
      "* shrinkage from\n",
      "    \u201cA Well-Conditioned Estimator for Large-Dimensional Covariance Matrices\u201d, Ledoit and Wolf, Journal of Multivariate Analysis, Volume 88, Issue 2, February 2004, pages 365-411."
     ]
    },
    {
     "cell_type": "code",
     "collapsed": false,
     "input": [
      "LW = LedoitWolf(store_precision=True, assume_centered=False, block_size=1000)\n",
      "LW.fit(y.T)"
     ],
     "language": "python",
     "metadata": {},
     "outputs": [
      {
       "metadata": {},
       "output_type": "pyout",
       "prompt_number": 12,
       "text": [
        "LedoitWolf(assume_centered=False, block_size=1000, store_precision=True)"
       ]
      }
     ],
     "prompt_number": 12,
     "trusted": true
    },
    {
     "cell_type": "code",
     "collapsed": false,
     "input": [
      "C_LW = LW.covariance_"
     ],
     "language": "python",
     "metadata": {},
     "outputs": [],
     "prompt_number": 13,
     "trusted": true
    },
    {
     "cell_type": "code",
     "collapsed": false,
     "input": [
      "print(\"theoretical cov:\\n\",Ctheo)\n",
      "print(\"experimental cov:\\n\",np.cov(y))\n",
      "print(\"LW cov:\\n\",C_LW)\n",
      "print(\" Ctheo - Cexp : {:2.3f}\".format(frob_norm(Ctheo-np.cov(y))))\n",
      "print(\" Ctheo - C_GL : {:2.3f}\".format(frob_norm(Ctheo-C_GL)))\n",
      "print(\" Ctheo - C_LW : {:2.3f}\".format(frob_norm(Ctheo-C_LW)))"
     ],
     "language": "python",
     "metadata": {},
     "outputs": [
      {
       "output_type": "stream",
       "stream": "stdout",
       "text": [
        "theoretical cov:\n",
        " [[ 1.73   1.025  0.3    0.     0.     0.     0.   ]\n",
        " [ 1.025  1.653  0.84  -0.6    0.     0.     0.   ]\n",
        " [ 0.3    0.84   1.25  -0.36   0.6    0.08   0.   ]\n",
        " [ 0.    -0.6   -0.36   4.52   0.82   0.6    0.08 ]\n",
        " [ 0.     0.     0.6    0.82   2.29   0.06  -0.04 ]\n",
        " [ 0.     0.     0.08   0.6    0.06   1.52   0.14 ]\n",
        " [ 0.     0.     0.     0.08  -0.04   0.14   0.29 ]]\n",
        "experimental cov:\n",
        " [[ 1.63   0.719  0.126  0.223 -0.742 -0.3   -0.029]\n",
        " [ 0.719  0.796  0.557  0.041  0.198 -0.286 -0.163]\n",
        " [ 0.126  0.557  1.103 -0.078  0.801 -0.071 -0.261]\n",
        " [ 0.223  0.041 -0.078  1.023  0.417  0.744  0.22 ]\n",
        " [-0.742  0.198  0.801  0.417  2.588  0.43   0.101]\n",
        " [-0.3   -0.286 -0.071  0.744  0.43   1.065  0.203]\n",
        " [-0.029 -0.163 -0.261  0.22   0.101  0.203  0.194]]\n",
        "LW cov:\n",
        " [[ 1.133  0.09   0.016  0.028 -0.093 -0.037 -0.004]\n",
        " [ 0.09   1.03   0.069  0.005  0.025 -0.036 -0.02 ]\n",
        " [ 0.016  0.069  1.068 -0.01   0.1   -0.009 -0.033]\n",
        " [ 0.028  0.005 -0.01   1.058  0.052  0.093  0.027]\n",
        " [-0.093  0.025  0.1    0.052  1.253  0.054  0.013]\n",
        " [-0.037 -0.036 -0.009  0.093  0.054  1.063  0.025]\n",
        " [-0.004 -0.02  -0.033  0.027  0.013  0.025  0.954]]\n",
        " Ctheo - Cexp : 2.479\n",
        " Ctheo - C_GL : 2.791\n",
        " Ctheo - C_LW : 2.977\n"
       ]
      }
     ],
     "prompt_number": 14,
     "trusted": true
    },
    {
     "cell_type": "code",
     "collapsed": false,
     "input": [],
     "language": "python",
     "metadata": {},
     "outputs": [],
     "prompt_number": 14,
     "trusted": true
    },
    {
     "cell_type": "markdown",
     "metadata": {},
     "source": []
    },
    {
     "cell_type": "heading",
     "level": 2,
     "metadata": {},
     "source": [
      "Trying out other things : not relevant today"
     ]
    },
    {
     "cell_type": "heading",
     "level": 4,
     "metadata": {},
     "source": [
      "Simulate a sparse precision matrix.  Conclusion: if N>=50, it becomes hard to fin tril matrices that are not rank deficient"
     ]
    },
    {
     "cell_type": "code",
     "collapsed": false,
     "input": [
      "def iround(x):\n",
      "    \"\"\"iround(number) -> integer\n",
      "    Round a number to the nearest integer.\"\"\"\n",
      "    y = round(x) - .5\n",
      "    return int(y) + (y > 0)\n"
     ],
     "language": "python",
     "metadata": {},
     "outputs": [],
     "prompt_number": 17,
     "trusted": true
    },
    {
     "cell_type": "code",
     "collapsed": false,
     "input": [
      "# create a covariance matrix of N nodes with T time values (repetitions) and sparsity of \n",
      "# precision matrix is L% \n",
      "\n",
      "\n",
      "def sim_sqrtP(N, L):\n",
      "    \"\"\"\n",
      "    L : put L% zeros in the sqrtP matrix\n",
      "    \"\"\"\n",
      "    \n",
      "    def arr_entries(n,norm_nbentries=N):\n",
      "        return np.abs(np.random.randn(n))*norm_nbentries\n",
      "    \n",
      "    # define the inverse square root matrix\n",
      "    # strict lower\n",
      "\n",
      "    Z = np.zeros((N-1,N-1))\n",
      "    tri_indices = np.tril_indices_from(Z)\n",
      "    P = np.zeros((N,N))\n",
      "\n",
      "    n_tri = tri_indices[0].shape[0]\n",
      "    try:\n",
      "        assert int((N)*(N-1)/2) == n_tri\n",
      "    except:\n",
      "        print(\"Aie : {} differ from {}\".format(int((N)*(N-1)/2), n_tri))\n",
      "            \n",
      "    n_zeros = iround(n_tri*L)\n",
      "    z = arr_entries(n_tri)\n",
      "    z[:n_zeros] = 0\n",
      "    z = np.random.permutation(z)\n",
      "    \n",
      "    P[(tri_indices[0]+1, tri_indices[1])] = z\n",
      "    # fill the diagonal\n",
      "    P[(np.arange(N),np.arange(N))] = arr_entries(N)\n",
      "    \n",
      "    rkP = np.linalg.matrix_rank(P)\n",
      "    if rkP < N:\n",
      "        print(\"rank deficient {}\".format(rkP))\n",
      "        return None\n",
      "    \n",
      "    return P\n"
     ],
     "language": "python",
     "metadata": {},
     "outputs": [],
     "prompt_number": 15,
     "trusted": true
    },
    {
     "cell_type": "code",
     "collapsed": false,
     "input": [
      "N = 6\n",
      "Z = np.zeros((N,N))\n",
      "sqrtP = sim_sqrtP(7, .5)\n",
      "np.set_printoptions(precision=1)\n",
      "print('{}\\n'.format(sqrtP))\n",
      "Prec = sqrtP.dot(sqrtP.T)\n",
      "print(Prec,\"\\n\")\n",
      "print(lin.inv(Prec))"
     ],
     "language": "python",
     "metadata": {},
     "outputs": [
      {
       "output_type": "stream",
       "stream": "stdout",
       "text": [
        "[[  0.8   0.    0.    0.    0.    0.    0. ]\n",
        " [  3.3   1.2   0.    0.    0.    0.    0. ]\n",
        " [  0.    0.    4.6   0.    0.    0.    0. ]\n",
        " [  4.8   0.    7.5   2.4   0.    0.    0. ]\n",
        " [  0.    9.3   0.    0.    1.1   0.    0. ]\n",
        " [  0.    8.1   9.3   0.    0.    0.3   0. ]\n",
        " [  0.   11.3   0.    5.1   5.1   9.9   3.3]]\n",
        "\n",
        "[[   0.6    2.5    0.     3.7    0.     0.     0. ]\n",
        " [   2.5   12.2    0.    15.9   11.2    9.7   13.6]\n",
        " [   0.     0.    20.9   34.2    0.    42.7    0. ]\n",
        " [   3.7   15.9   34.2   85.3    0.    70.    12.3]\n",
        " [   0.    11.2    0.     0.    88.1   75.6  111.1]\n",
        " [   0.     9.7   42.7   70.    75.6  153.1   95. ]\n",
        " [   0.    13.6    0.    12.3  111.1   95.   287.8]] \n",
        "\n",
        "[[  8.9e+04  -2.1e+04  -5.9e+03   1.8e+02   4.1e+02   2.8e+03  -8.5e+01]\n",
        " [ -2.1e+04   4.9e+03   1.4e+03  -4.2e+01  -9.6e+01  -6.5e+02   2.0e+01]\n",
        " [ -5.9e+03   1.4e+03   4.0e+02  -1.2e+01  -2.6e+01  -1.8e+02   5.7e+00]\n",
        " [  1.8e+02  -4.2e+01  -1.2e+01   5.6e-01   8.4e-01   5.5e+00  -1.9e-01]\n",
        " [  4.1e+02  -9.6e+01  -2.6e+01   8.4e-01   2.6e+00   1.2e+01  -4.0e-01]\n",
        " [  2.8e+03  -6.5e+02  -1.8e+02   5.5e+00   1.2e+01   8.6e+01  -2.6e+00]\n",
        " [ -8.5e+01   2.0e+01   5.7e+00  -1.9e-01  -4.0e-01  -2.6e+00   9.0e-02]]\n"
       ]
      }
     ],
     "prompt_number": 18,
     "trusted": true
    },
    {
     "cell_type": "code",
     "collapsed": false,
     "input": [
      "N = 100\n",
      "M = np.tril(np.abs(np.random.randn(N,N)))\n",
      "np.linalg.matrix_rank(M)\n",
      "(u, s, vt) = lin.svd(M, full_matrices=False)\n",
      "plt.plot(s[N-5:])"
     ],
     "language": "python",
     "metadata": {},
     "outputs": [
      {
       "metadata": {},
       "output_type": "pyout",
       "prompt_number": 19,
       "text": [
        "[<matplotlib.lines.Line2D at 0x5077310>]"
       ]
      },
      {
       "metadata": {},
       "output_type": "display_data",
